0.000000 0.000000 0.000000 0.000000 
0.000000 0.000000 0.000000 0.000000 
-19.661525 -19.661525 -19.661525 -18.661525 
-17.661525 -17.661525 -19.661525 -18.605035 
-19.546477 -19.661125 -18.661126 -19.614395 
-20.541486 -19.614394 -19.599625 -21.599583 
-21.553321 -21.599624 -20.599624 -21.777564 
-21.777688 -21.777781 -21.599615 -20.777781 
-20.491227 -20.446666 -21.777763 -19.777783 
-21.563706 -20.682845 -20.770278 -20.563706 
-20.658734 -20.658734 -21.508242 -21.593931 
-21.735741 -21.739026 -21.650108 -21.588278 
-22.590932 -22.533470 -22.577593 -23.729115 
-23.730478 -23.535507 -23.520116 -24.707051 
-24.592106 -24.766618 -24.501926 -25.770332 
-25.687782 -26.707049 -25.479436 -25.700409 
0.000000 0.000000 0.000000 0.000000 
0.000000 0.000000 0.000000 0.000000 
0.000000 0.000000 0.000000 0.000000 
0.000000 0.000000 0.000000 0.000000 
0.000000 0.000000 0.000000 0.000000 
0.000000 0.000000 0.000000 0.000000 
0.000000 0.000000 0.000000 0.000000 
57.999997 58.999997 57.999997 56.999997 
56.999997 56.999997 57.999997 56.999997 
0.000000 0.000000 0.000000 0.000000 
0.000000 0.000000 0.000000 0.000000 
0.000000 0.000000 0.000000 0.000000 
0.000000 0.000000 0.000000 0.000000 
0.000000 0.000000 0.000000 0.000000 
0.000000 0.000000 0.000000 0.000000 
0.000000 0.000000 0.000000 0.000000 
0.000000 0.000000 0.000000 0.000000 
0.000000 0.000000 0.000000 0.000000 
0.000000 0.000000 0.000000 0.000000 
0.000000 0.000000 0.000000 0.000000 
0.000000 0.000000 0.000000 0.000000 
0.000000 0.000000 0.000000 0.000000 
0.000000 0.000000 0.000000 0.000000 
0.000000 0.000000 0.000000 0.000000 
0.000000 0.000000 0.000000 0.000000 
0.000000 0.000000 0.000000 0.000000 
-26.453121 -26.707049 -26.707049 -26.708525 
-27.650206 -27.708536 -27.423402 -28.780005 
-28.780005 -28.780005 -28.390648 -29.637174 
-30.355184 -30.306562 -29.355184 -29.660367 
-30.482359 -30.691279 -30.268003 -29.693404 
0.000000 0.000000 0.000000 0.000000 
0.000000 0.000000 0.000000 0.000000 
59.999997 60.999997 59.999997 58.999997 
57.999997 58.999997 59.999997 58.999997 
0.000000 0.000000 0.000000 0.000000 
0.000000 0.000000 0.000000 0.000000 
0.000000 0.000000 0.000000 0.000000 
0.000000 0.000000 0.000000 0.000000 
0.000000 0.000000 0.000000 0.000000 
0.000000 0.000000 0.000000 0.000000 
0.000000 0.000000 0.000000 0.000000 
0.000000 0.000000 0.000000 0.000000 
0.000000 0.000000 0.000000 0.000000 
0.000000 0.000000 0.000000 0.000000 
0.000000 0.000000 0.000000 0.000000 
0.000000 0.000000 0.000000 0.000000 
0.000000 0.000000 0.000000 0.000000 
0.000000 0.000000 0.000000 0.000000 
0.000000 0.000000 0.000000 0.000000 
0.000000 0.000000 0.000000 0.000000 
0.000000 0.000000 0.000000 0.000000 
0.000000 0.000000 0.000000 0.000000 
0.000000 0.000000 0.000000 0.000000 
0.000000 0.000000 0.000000 0.000000 
0.000000 0.000000 0.000000 0.000000 
0.000000 0.000000 0.000000 0.000000 
-30.643735 -31.220144 -30.433807 -30.632924 
0.000000 0.000000 0.000000 0.000000 
0.000000 0.000000 0.000000 0.000000 
59.999997 61.999997 60.999997 60.999997 
0.000000 0.000000 0.000000 0.000000 
0.000000 0.000000 0.000000 0.000000 
0.000000 0.000000 0.000000 0.000000 
0.000000 0.000000 0.000000 0.000000 
0.000000 0.000000 0.000000 0.000000 
0.000000 0.000000 0.000000 0.000000 
0.000000 0.000000 0.000000 0.000000 
0.000000 0.000000 0.000000 0.000000 
0.000000 0.000000 0.000000 0.000000 
0.000000 0.000000 0.000000 0.000000 
0.000000 0.000000 0.000000 0.000000 
0.000000 0.000000 0.000000 0.000000 
0.000000 0.000000 0.000000 0.000000 
0.000000 0.000000 0.000000 0.000000 
0.000000 0.000000 0.000000 0.000000 
0.000000 0.000000 0.000000 0.000000 
0.000000 0.000000 0.000000 0.000000 
0.000000 0.000000 0.000000 0.000000 
0.000000 0.000000 0.000000 0.000000 
0.000000 0.000000 0.000000 0.000000 
0.000000 0.000000 0.000000 0.000000 
0.000000 0.000000 0.000000 0.000000 
0.000000 0.000000 0.000000 0.000000 
-31.397980 65.999997 -31.657687 -31.622562 
0.000000 0.000000 0.000000 0.000000 
0.000000 0.000000 0.000000 0.000000 
60.999997 62.999997 61.999997 61.999997 
0.000000 0.000000 0.000000 0.000000 
0.000000 0.000000 0.000000 0.000000 
0.000000 0.000000 0.000000 0.000000 
0.000000 0.000000 0.000000 0.000000 
0.000000 0.000000 0.000000 0.000000 
0.000000 0.000000 0.000000 0.000000 
0.000000 0.000000 100.000000 98.000000 
98.000000 98.000000 99.000000 97.000000 
97.000000 96.000000 98.000000 97.000000 
0.000000 0.000000 0.000000 0.000000 
0.000000 0.000000 0.000000 0.000000 
0.000000 0.000000 0.000000 0.000000 
0.000000 0.000000 0.000000 0.000000 
-28.177160 -28.177160 -28.177008 -29.231707 
-29.231707 -29.231707 -29.177008 -28.231707 
-27.231708 -28.147492 -29.231707 -28.282363 
-28.254755 -27.662983 -28.223769 -29.415176 
-29.482752 -29.427102 -28.655295 -30.655288 
-30.654829 -30.655295 -29.655295 -31.653967 
-31.655267 -31.638642 -30.655267 -30.792391 
-30.793049 -29.793049 -31.654031 -30.793048 
48.469964 -30.617355 -30.734082 49.469964 
56.797054 -31.563199 41.763739 65.999997 
64.999997 66.999997 64.999997 64.999997 
64.999997 64.999997 65.999997 63.999997 
63.999997 63.999997 64.999997 62.999997 
61.999997 62.999997 63.999997 62.999997 
0.000000 0.000000 0.000000 0.000000 
0.000000 0.000000 0.000000 0.000000 
0.000000 0.000000 0.000000 0.000000 
0.000000 0.000000 0.000000 0.000000 
0.000000 0.000000 0.000000 0.000000 
0.000000 0.000000 0.000000 0.000000 
0.000000 0.000000 0.000000 0.000000 
0.000000 0.000000 0.000000 0.000000 
97.000000 95.000000 96.000000 96.000000 
0.000000 0.000000 0.000000 0.000000 
0.000000 0.000000 0.000000 0.000000 
0.000000 0.000000 0.000000 0.000000 
0.000000 0.000000 0.000000 0.000000 
0.000000 0.000000 0.000000 0.000000 
0.000000 0.000000 0.000000 0.000000 
0.000000 0.000000 0.000000 0.000000 
-28.541214 -26.662983 -27.468146 -27.468146 
0.000000 0.000000 0.000000 0.000000 
0.000000 0.000000 0.000000 0.000000 
0.000000 0.000000 0.000000 0.000000 
0.000000 0.000000 0.000000 0.000000 
0.000000 0.000000 0.000000 0.000000 
0.000000 0.000000 0.000000 0.000000 
65.999997 67.999997 66.999997 66.999997 
0.000000 0.000000 0.000000 0.000000 
0.000000 0.000000 0.000000 0.000000 
0.000000 0.000000 0.000000 0.000000 
0.000000 0.000000 0.000000 0.000000 
0.000000 0.000000 0.000000 0.000000 
0.000000 0.000000 0.000000 0.000000 
0.000000 0.000000 0.000000 0.000000 
0.000000 0.000000 0.000000 0.000000 
0.000000 0.000000 0.000000 0.000000 
0.000000 0.000000 0.000000 0.000000 
0.000000 0.000000 0.000000 0.000000 
96.000000 93.999999 95.000000 91.999999 
-4.881683 92.999999 -3.939350 -4.809150 
-4.876268 -4.816442 71.328786 -3.943534 
0.000000 0.000000 0.000000 0.000000 
-21.835675 -21.835675 -21.835675 -21.775365 
-23.769543 -23.610222 -22.769543 -24.396802 
-24.517488 -23.663978 -23.754408 -24.781503 
-24.781681 -24.798505 -24.663155 -26.651088 
-27.513817 -26.656893 -25.662983 -26.558683 
0.000000 0.000000 0.000000 0.000000 
0.000000 0.000000 0.000000 0.000000 
0.000000 0.000000 0.000000 0.000000 
0.000000 0.000000 0.000000 0.000000 
0.000000 0.000000 0.000000 0.000000 
0.000000 0.000000 0.000000 0.000000 
66.999997 68.999997 67.999997 67.999997 
0.000000 0.000000 0.000000 0.000000 
0.000000 0.000000 0.000000 0.000000 
0.000000 0.000000 0.000000 0.000000 
0.000000 0.000000 0.000000 0.000000 
0.000000 0.000000 0.000000 0.000000 
0.000000 0.000000 0.000000 0.000000 
0.000000 0.000000 0.000000 0.000000 
0.000000 0.000000 0.000000 0.000000 
0.000000 0.000000 0.000000 0.000000 
0.000000 0.000000 0.000000 0.000000 
92.999999 91.999999 92.999999 93.999999 
95.000000 93.999999 92.999999 92.999999 
82.220582 -5.724945 93.999999 84.715002 
64.640418 -4.833415 86.921862 -5.872227 
-5.881165 -5.881145 -4.881165 -5.881143 
0.000000 0.000000 0.000000 0.000000 
0.000000 0.000000 0.000000 0.000000 
0.000000 0.000000 0.000000 0.000000 
0.000000 0.000000 0.000000 0.000000 
0.000000 0.000000 0.000000 0.000000 
0.000000 0.000000 0.000000 0.000000 
0.000000 0.000000 0.000000 0.000000 
0.000000 0.000000 0.000000 0.000000 
0.000000 0.000000 0.000000 0.000000 
0.000000 0.000000 0.000000 0.000000 
69.999997 70.999998 69.999997 68.999997 
67.999997 68.999997 69.999997 68.999997 
0.000000 0.000000 0.000000 0.000000 
0.000000 0.000000 0.000000 0.000000 
0.000000 0.000000 0.000000 0.000000 
0.000000 0.000000 0.000000 0.000000 
0.000000 0.000000 0.000000 0.000000 
0.000000 0.000000 0.000000 0.000000 
0.000000 0.000000 0.000000 0.000000 
0.000000 0.000000 0.000000 0.000000 
0.000000 0.000000 0.000000 0.000000 
0.000000 0.000000 0.000000 0.000000 
92.999999 90.999999 91.999999 91.999999 
0.000000 0.000000 0.000000 0.000000 
0.000000 0.000000 0.000000 0.000000 
0.000000 0.000000 0.000000 0.000000 
0.000000 0.000000 0.000000 0.000000 
-15.104021 83.999999 -15.107334 24.643822 
0.000000 0.000000 0.000000 0.000000 
0.000000 0.000000 0.000000 0.000000 
0.000000 0.000000 0.000000 0.000000 
0.000000 0.000000 0.000000 0.000000 
0.000000 0.000000 0.000000 0.000000 
76.999998 77.999998 76.999998 75.999998 
75.999998 75.999998 76.999998 74.999998 
74.999998 73.999998 75.999998 74.999998 
0.000000 0.000000 0.000000 0.000000 
69.999997 71.999998 70.999998 70.999998 
0.000000 0.000000 0.000000 0.000000 
0.000000 0.000000 0.000000 0.000000 
0.000000 0.000000 0.000000 0.000000 
0.000000 0.000000 0.000000 0.000000 
0.000000 0.000000 0.000000 0.000000 
0.000000 0.000000 0.000000 0.000000 
0.000000 0.000000 0.000000 0.000000 
0.000000 0.000000 0.000000 0.000000 
0.000000 0.000000 0.000000 0.000000 
0.000000 0.000000 0.000000 0.000000 
0.000000 0.000000 0.000000 0.000000 
91.999999 89.999999 90.999999 90.999999 
0.000000 0.000000 0.000000 0.000000 
0.000000 0.000000 0.000000 0.000000 
0.000000 0.000000 0.000000 0.000000 
0.000000 0.000000 0.000000 0.000000 
82.999998 84.999999 83.999999 82.999998 
82.999998 82.999998 83.999999 81.999998 
81.999998 81.999998 82.999998 80.999998 
80.999998 79.999998 81.999998 79.999998 
79.999998 79.999998 80.999998 78.999998 
78.999998 78.999998 79.999998 77.999998 
76.999998 77.999998 78.999998 77.999998 
0.000000 0.000000 0.000000 0.000000 
74.999998 73.999998 73.999998 72.999998 
72.999998 72.999998 73.999998 71.999998 
70.999998 71.999998 72.999998 71.999998 
0.000000 0.000000 0.000000 0.000000 
0.000000 0.000000 0.000000 0.000000 
0.000000 0.000000 0.000000 0.000000 
0.000000 0.000000 0.000000 0.000000 
0.000000 0.000000 0.000000 0.000000 
0.000000 0.000000 0.000000 0.000000 
0.000000 0.000000 0.000000 0.000000 
0.000000 0.000000 0.000000 0.000000 
0.000000 0.000000 0.000000 0.000000 
0.000000 0.000000 0.000000 0.000000 
0.000000 0.000000 0.000000 0.000000 
90.999999 89.999999 89.999999 88.999999 
88.999999 88.999999 89.999999 87.999999 
87.999999 87.999999 88.999999 86.999999 
86.999999 86.999999 87.999999 85.999999 
85.999999 85.999999 86.999999 84.999999 
83.999999 84.999999 85.999999 84.999999 
0.000000 0.000000 0.000000 0.000000 
0.000000 0.000000 0.000000 0.000000 
80.999998 69.556893 70.384861 -16.761169 
0.000000 0.000000 0.000000 0.000000 
0.000000 0.000000 0.000000 0.000000 
0.000000 0.000000 0.000000 0.000000 
0.000000 0.000000 0.000000 0.000000 
0.000000 0.000000 0.000000 0.000000 
0.000000 0.000000 0.000000 0.000000 
0.000000 0.000000 0.000000 0.000000 
0.000000 0.000000 0.000000 0.000000 
0.000000 0.000000 0.000000 0.000000 
0.000000 0.000000 0.000000 0.000000 
0.000000 0.000000 0.000000 0.000000 
0.000000 0.000000 0.000000 0.000000 
0.000000 0.000000 0.000000 0.000000 
0.000000 0.000000 0.000000 0.000000 
0.000000 0.000000 0.000000 0.000000 
