0.000000 0.000000 0.000000 0.000000 
0.000000 0.000000 0.000000 0.000000 
-15.831081 -15.705755 -15.759693 -14.831081 
-13.831081 -13.831082 -15.824120 -13.831397 
-13.829688 -14.829688 -14.774058 -14.816228 
-14.879614 -14.886680 -14.775924 -15.626507 
-15.623903 -15.720110 -15.724815 -16.868602 
-16.755749 -16.660664 -16.623903 -18.623903 
-18.623903 -18.623903 -17.623903 -17.968362 
-18.737738 -17.809660 -18.623903 -19.809660 
-18.866255 -18.814926 -18.809660 -19.946109 
-20.748147 -20.748146 -19.748147 -21.747008 
-20.946390 -20.946390 -20.748126 -21.565737 
-20.565737 -21.565737 -21.690286 -21.972532 
-22.563265 -21.972532 -21.563265 -22.276406 
-23.206429 -22.504634 -22.537522 -22.221193 
0.000000 0.000000 0.000000 0.000000 
0.000000 0.000000 0.000000 0.000000 
0.000000 0.000000 0.000000 0.000000 
0.000000 0.000000 0.000000 0.000000 
0.000000 0.000000 0.000000 0.000000 
0.000000 0.000000 0.000000 0.000000 
0.000000 0.000000 0.000000 0.000000 
0.000000 0.000000 0.000000 0.000000 
0.000000 0.000000 0.000000 0.000000 
0.000000 0.000000 0.000000 0.000000 
0.000000 0.000000 0.000000 0.000000 
0.000000 0.000000 0.000000 0.000000 
0.000000 0.000000 0.000000 0.000000 
0.000000 0.000000 0.000000 0.000000 
0.000000 0.000000 0.000000 0.000000 
0.000000 0.000000 0.000000 0.000000 
0.000000 0.000000 0.000000 0.000000 
0.000000 0.000000 0.000000 0.000000 
0.000000 0.000000 0.000000 0.000000 
-23.216248 -24.164114 -24.216248 -23.278805 
-23.278805 -23.278805 -24.097107 -23.728889 
-24.560213 -24.562981 -24.227164 -25.554774 
-24.733116 -24.676604 -25.179237 -24.783597 
-26.664713 -27.387969 -25.664713 -25.783597 
0.000000 0.000000 0.000000 0.000000 
0.000000 0.000000 0.000000 0.000000 
0.000000 0.000000 0.000000 0.000000 
0.000000 0.000000 0.000000 0.000000 
0.000000 0.000000 0.000000 0.000000 
0.000000 0.000000 0.000000 0.000000 
0.000000 0.000000 0.000000 0.000000 
-17.401535 -18.849497 -17.402507 -16.849987 
-18.379909 -18.823581 -17.823581 -18.482895 
-18.984119 -18.891102 -18.725859 -17.984119 
0.000000 0.000000 0.000000 0.000000 
0.000000 0.000000 0.000000 0.000000 
0.000000 0.000000 0.000000 0.000000 
0.000000 0.000000 0.000000 0.000000 
0.000000 0.000000 0.000000 0.000000 
0.000000 0.000000 0.000000 0.000000 
0.000000 0.000000 0.000000 0.000000 
0.000000 0.000000 0.000000 0.000000 
0.000000 0.000000 0.000000 0.000000 
-26.663404 -27.467918 -27.398037 -26.398037 
0.000000 0.000000 0.000000 0.000000 
0.000000 0.000000 0.000000 0.000000 
0.000000 0.000000 0.000000 0.000000 
0.000000 0.000000 0.000000 0.000000 
0.000000 0.000000 0.000000 0.000000 
-16.815822 -16.759107 -17.753156 -18.755158 
-18.759107 -18.752063 -17.759107 -18.849682 
-17.849895 -18.849895 -18.759071 -18.848111 
0.000000 0.000000 0.000000 0.000000 
-18.847414 -19.838583 -17.914513 -18.914513 
0.000000 0.000000 0.000000 0.000000 
0.000000 0.000000 0.000000 0.000000 
0.000000 0.000000 0.000000 0.000000 
0.000000 0.000000 0.000000 0.000000 
0.000000 0.000000 0.000000 0.000000 
0.000000 0.000000 0.000000 0.000000 
0.000000 0.000000 0.000000 0.000000 
0.000000 0.000000 0.000000 0.000000 
0.000000 0.000000 0.000000 0.000000 
-27.397688 69.999997 59.385314 50.866348 
0.000000 0.000000 0.000000 0.000000 
0.000000 0.000000 0.000000 0.000000 
0.000000 0.000000 100.000000 98.000000 
98.000000 98.000000 99.000000 97.000000 
97.000000 96.000000 98.000000 97.000000 
0.000000 0.000000 0.000000 0.000000 
0.000000 0.000000 0.000000 0.000000 
0.000000 0.000000 0.000000 0.000000 
0.000000 0.000000 0.000000 0.000000 
-18.905302 -18.909366 -18.909366 -19.554532 
-20.398080 -20.450315 -19.450315 -21.005317 
-20.866386 -21.335663 -20.335663 -21.681839 
-20.777796 -21.766312 -21.281439 -21.781759 
-22.747674 -22.025643 -21.747674 -22.480080 
-22.480132 -22.480151 -22.617109 -23.427613 
-24.462623 -23.946295 -23.462623 -24.443429 
-24.502322 -24.459537 -24.403846 -25.493900 
-26.080119 -26.037541 -25.365037 -26.387149 
-26.271638 -26.215705 -26.336839 69.999997 
68.999997 70.999998 68.999997 69.999997 
0.000000 0.000000 0.000000 0.000000 
0.000000 0.000000 0.000000 0.000000 
0.000000 0.000000 0.000000 0.000000 
0.000000 0.000000 0.000000 0.000000 
97.000000 95.000000 96.000000 96.000000 
0.000000 0.000000 0.000000 0.000000 
0.000000 0.000000 0.000000 0.000000 
0.000000 0.000000 0.000000 0.000000 
0.000000 0.000000 0.000000 0.000000 
0.000000 0.000000 0.000000 0.000000 
0.000000 0.000000 0.000000 0.000000 
0.000000 0.000000 0.000000 0.000000 
-20.777655 -20.778096 -20.786722 -20.774087 
0.000000 0.000000 0.000000 0.000000 
0.000000 0.000000 0.000000 0.000000 
0.000000 0.000000 0.000000 0.000000 
0.000000 0.000000 0.000000 0.000000 
0.000000 0.000000 0.000000 0.000000 
0.000000 0.000000 0.000000 0.000000 
69.999997 71.999998 70.999998 70.999998 
0.000000 0.000000 0.000000 0.000000 
0.000000 0.000000 0.000000 0.000000 
0.000000 0.000000 0.000000 0.000000 
0.000000 0.000000 0.000000 0.000000 
96.000000 93.999999 95.000000 93.999999 
93.999999 92.999999 95.000000 92.999999 
92.999999 91.999999 93.999999 92.999999 
0.000000 0.000000 0.000000 0.000000 
-17.587073 -16.749011 -17.639827 -18.689348 
-18.689525 -17.689525 -17.749009 -18.857110 
-18.857097 -18.857322 -18.689525 -20.689525 
-20.689525 -20.689525 -19.689525 -20.786411 
-21.638361 -19.786411 -20.689525 -20.638361 
0.000000 0.000000 0.000000 0.000000 
0.000000 0.000000 0.000000 0.000000 
0.000000 0.000000 0.000000 0.000000 
0.000000 0.000000 0.000000 0.000000 
0.000000 0.000000 0.000000 0.000000 
0.000000 0.000000 0.000000 0.000000 
70.999998 72.999998 71.999998 71.999998 
0.000000 0.000000 0.000000 0.000000 
0.000000 0.000000 0.000000 0.000000 
0.000000 0.000000 0.000000 0.000000 
0.000000 0.000000 0.000000 0.000000 
95.000000 90.081264 84.197963 92.652653 
90.356803 91.588449 93.999999 91.871679 
92.999999 91.999999 92.999999 90.999999 
90.999999 89.999999 91.999999 90.999999 
0.000000 0.000000 0.000000 0.000000 
0.000000 0.000000 0.000000 0.000000 
0.000000 0.000000 0.000000 0.000000 
0.000000 0.000000 0.000000 0.000000 
0.000000 0.000000 0.000000 0.000000 
0.000000 0.000000 0.000000 0.000000 
0.000000 0.000000 0.000000 0.000000 
0.000000 0.000000 0.000000 0.000000 
0.000000 0.000000 0.000000 0.000000 
0.000000 0.000000 0.000000 0.000000 
73.999998 74.999998 73.999998 72.999998 
71.999998 72.999998 73.999998 72.999998 
0.000000 0.000000 0.000000 0.000000 
0.000000 0.000000 0.000000 0.000000 
0.000000 0.000000 0.000000 0.000000 
0.000000 0.000000 0.000000 0.000000 
0.000000 0.000000 0.000000 0.000000 
0.000000 0.000000 0.000000 0.000000 
0.000000 0.000000 0.000000 0.000000 
90.999999 89.999999 89.999999 88.999999 
88.999999 87.999999 89.999999 88.999999 
0.000000 0.000000 0.000000 0.000000 
0.000000 0.000000 0.000000 0.000000 
0.000000 0.000000 0.000000 0.000000 
0.000000 0.000000 0.000000 0.000000 
0.000000 0.000000 0.000000 0.000000 
80.999998 81.999998 80.999998 79.999998 
79.999998 79.999998 80.999998 78.999998 
78.999998 77.999998 79.999998 78.999998 
0.000000 0.000000 0.000000 0.000000 
73.999998 75.999998 74.999998 74.999998 
0.000000 0.000000 0.000000 0.000000 
0.000000 0.000000 0.000000 0.000000 
0.000000 0.000000 0.000000 0.000000 
0.000000 0.000000 0.000000 0.000000 
0.000000 0.000000 0.000000 0.000000 
0.000000 0.000000 0.000000 0.000000 
0.000000 0.000000 0.000000 0.000000 
0.000000 0.000000 0.000000 0.000000 
0.000000 0.000000 0.000000 0.000000 
88.999999 87.999999 87.999999 86.999999 
86.999999 86.999999 87.999999 85.999999 
85.999999 85.999999 86.999999 84.999999 
84.999999 83.999999 85.999999 83.999999 
83.999999 83.999999 84.999999 82.999998 
82.999998 82.999998 83.999999 81.999998 
80.999998 81.999998 82.999998 81.999998 
0.000000 0.000000 0.000000 0.000000 
78.999998 77.999998 77.999998 76.999998 
76.999998 76.999998 77.999998 75.999998 
74.999998 75.999998 76.999998 75.999998 
0.000000 0.000000 0.000000 0.000000 
0.000000 0.000000 0.000000 0.000000 
0.000000 0.000000 0.000000 0.000000 
0.000000 0.000000 0.000000 0.000000 
0.000000 0.000000 0.000000 0.000000 
0.000000 0.000000 0.000000 0.000000 
0.000000 0.000000 0.000000 0.000000 
0.000000 0.000000 0.000000 0.000000 
0.000000 0.000000 0.000000 0.000000 
0.000000 0.000000 0.000000 0.000000 
0.000000 0.000000 0.000000 0.000000 
0.000000 0.000000 0.000000 0.000000 
84.999999 -13.948353 -13.948353 -13.948353 
0.000000 0.000000 0.000000 0.000000 
0.000000 0.000000 0.000000 0.000000 
0.000000 0.000000 0.000000 0.000000 
0.000000 0.000000 0.000000 0.000000 
0.000000 0.000000 0.000000 0.000000 
0.000000 0.000000 0.000000 0.000000 
0.000000 0.000000 0.000000 0.000000 
0.000000 0.000000 0.000000 0.000000 
