0.000000 0.000000 0.000000 0.000000 
0.000000 0.000000 0.000000 0.000000 
-5.893345 -6.746119 -5.888256 -7.702008 
-7.877952 -7.811050 -6.877952 -7.822320 
-8.017636 -8.865461 -7.868159 -9.272805 
-9.485577 -9.070821 -8.824061 -10.664431 
-10.504286 -10.009458 -9.811505 -11.064468 
-11.337794 -11.809069 -10.809069 -11.157157 
-11.480126 -10.480127 -11.185028 -10.620332 
-11.548127 -11.951031 -10.951031 -11.529245 
-11.902018 -12.520971 -11.520971 -12.446373 
-12.367043 -11.692401 -12.326175 -12.342866 
-12.791507 -13.298001 -12.298001 -13.435420 
-12.874591 -13.629749 -12.985179 -13.898389 
-14.724298 -14.545883 -13.753457 -15.677326 
-14.977051 -14.988583 -14.725904 -14.885766 
0.000000 0.000000 0.000000 0.000000 
0.000000 0.000000 0.000000 0.000000 
0.000000 0.000000 0.000000 0.000000 
0.000000 0.000000 0.000000 0.000000 
0.000000 0.000000 0.000000 0.000000 
0.000000 0.000000 0.000000 0.000000 
0.000000 0.000000 0.000000 0.000000 
0.000000 0.000000 0.000000 0.000000 
0.000000 0.000000 0.000000 0.000000 
0.000000 0.000000 0.000000 0.000000 
0.000000 0.000000 0.000000 0.000000 
0.000000 0.000000 0.000000 0.000000 
0.000000 0.000000 0.000000 0.000000 
0.000000 0.000000 0.000000 0.000000 
-49.656874 -48.658526 -49.643134 -49.504028 
-48.621737 -49.650258 -49.550925 -48.609121 
-49.524592 -50.222181 -48.780255 -50.144050 
-49.343597 -49.767997 -49.740305 -49.374550 
-51.327265 -50.695734 -50.327265 -50.820385 
-50.437230 -49.821170 -51.326990 -50.436815 
0.000000 0.000000 0.000000 0.000000 
0.000000 0.000000 0.000000 0.000000 
-54.113957 -30.220225 -54.113957 -54.113956 
0.000000 0.000000 0.000000 0.000000 
0.000000 0.000000 0.000000 0.000000 
0.000000 0.000000 0.000000 0.000000 
0.000000 0.000000 0.000000 0.000000 
0.000000 0.000000 0.000000 0.000000 
0.000000 0.000000 0.000000 0.000000 
0.000000 0.000000 0.000000 0.000000 
0.000000 0.000000 0.000000 0.000000 
0.000000 0.000000 0.000000 0.000000 
0.000000 0.000000 0.000000 0.000000 
0.000000 0.000000 0.000000 0.000000 
0.000000 0.000000 0.000000 0.000000 
0.000000 0.000000 0.000000 0.000000 
0.000000 0.000000 0.000000 0.000000 
0.000000 0.000000 0.000000 0.000000 
0.000000 0.000000 0.000000 0.000000 
0.000000 0.000000 0.000000 0.000000 
0.000000 0.000000 0.000000 0.000000 
0.000000 0.000000 0.000000 0.000000 
0.000000 0.000000 0.000000 0.000000 
0.000000 0.000000 0.000000 0.000000 
0.000000 0.000000 0.000000 0.000000 
0.000000 0.000000 0.000000 0.000000 
0.000000 0.000000 0.000000 0.000000 
0.000000 0.000000 0.000000 0.000000 
0.000000 0.000000 0.000000 0.000000 
0.000000 0.000000 0.000000 0.000000 
0.000000 0.000000 0.000000 0.000000 
0.000000 0.000000 0.000000 0.000000 
0.000000 0.000000 0.000000 0.000000 
-15.418554 -16.344570 -15.889926 -15.889925 
-15.971913 -16.971912 -16.178714 -16.976568 
-16.976587 -16.976278 -16.903667 -18.580867 
-18.655983 -18.653816 -17.887805 -18.825233 
-19.817040 -20.811494 -18.881735 -18.985598 
0.000000 0.000000 0.000000 0.000000 
0.000000 0.000000 0.000000 0.000000 
0.000000 0.000000 0.000000 0.000000 
0.000000 0.000000 0.000000 0.000000 
0.000000 0.000000 0.000000 0.000000 
0.000000 0.000000 0.000000 0.000000 
0.000000 0.000000 0.000000 0.000000 
0.000000 0.000000 0.000000 0.000000 
0.000000 0.000000 0.000000 0.000000 
0.000000 0.000000 0.000000 0.000000 
-49.658526 -49.495227 -48.658499 -49.516652 
-49.593695 -49.525729 -49.658494 -50.222233 
-49.779088 -49.764935 -50.525726 -49.770914 
-48.770914 -50.246875 -50.764935 -50.348078 
-51.190553 -50.666773 -49.717294 -51.717294 
-50.815756 -51.413760 -50.717294 -51.714025 
0.000000 0.000000 0.000000 0.000000 
0.000000 0.000000 0.000000 0.000000 
-31.220225 -32.033547 -30.220225 -30.220225 
0.000000 0.000000 0.000000 0.000000 
0.000000 0.000000 0.000000 0.000000 
0.000000 0.000000 0.000000 0.000000 
0.000000 0.000000 0.000000 0.000000 
0.000000 0.000000 0.000000 0.000000 
0.000000 0.000000 0.000000 0.000000 
0.000000 0.000000 0.000000 0.000000 
0.000000 0.000000 0.000000 0.000000 
0.000000 0.000000 0.000000 0.000000 
0.000000 0.000000 0.000000 0.000000 
0.000000 0.000000 0.000000 0.000000 
0.000000 0.000000 0.000000 0.000000 
0.000000 0.000000 0.000000 0.000000 
0.000000 0.000000 0.000000 0.000000 
0.000000 0.000000 0.000000 0.000000 
0.000000 0.000000 0.000000 0.000000 
0.000000 0.000000 0.000000 0.000000 
0.000000 0.000000 0.000000 0.000000 
0.000000 0.000000 0.000000 0.000000 
0.000000 0.000000 0.000000 0.000000 
0.000000 0.000000 0.000000 0.000000 
0.000000 0.000000 0.000000 0.000000 
0.000000 0.000000 0.000000 0.000000 
0.000000 0.000000 0.000000 0.000000 
0.000000 0.000000 0.000000 0.000000 
0.000000 0.000000 0.000000 0.000000 
0.000000 0.000000 0.000000 0.000000 
0.000000 0.000000 0.000000 0.000000 
0.000000 0.000000 0.000000 0.000000 
0.000000 0.000000 0.000000 0.000000 
0.000000 0.000000 0.000000 0.000000 
0.000000 0.000000 0.000000 0.000000 
0.000000 0.000000 0.000000 0.000000 
0.000000 0.000000 0.000000 0.000000 
-19.877310 -21.789164 -20.808712 -20.811509 
0.000000 0.000000 0.000000 0.000000 
0.000000 0.000000 0.000000 0.000000 
0.000000 0.000000 0.000000 0.000000 
0.000000 0.000000 0.000000 0.000000 
0.000000 0.000000 0.000000 0.000000 
0.000000 0.000000 0.000000 0.000000 
0.000000 0.000000 0.000000 0.000000 
0.000000 0.000000 0.000000 0.000000 
0.000000 0.000000 0.000000 0.000000 
0.000000 0.000000 0.000000 0.000000 
-48.495235 -48.566185 -49.418894 -49.715349 
-49.650634 -48.715354 -49.322336 -49.765664 
-50.764934 -48.765668 -49.683280 -49.417685 
-49.404859 -49.260580 -49.748338 -49.522462 
-50.717278 -51.316366 -49.667070 -49.701545 
-50.534996 -51.129666 -50.664324 -50.579744 
0.000000 0.000000 0.000000 0.000000 
0.000000 0.000000 0.000000 0.000000 
-31.220225 27.621688 -32.033547 -32.044029 
0.000000 0.000000 0.000000 0.000000 
0.000000 0.000000 0.000000 0.000000 
0.000000 0.000000 0.000000 0.000000 
0.000000 0.000000 0.000000 0.000000 
0.000000 0.000000 0.000000 0.000000 
0.000000 0.000000 0.000000 0.000000 
0.000000 0.000000 0.000000 0.000000 
0.000000 0.000000 0.000000 0.000000 
0.000000 0.000000 0.000000 0.000000 
0.000000 0.000000 0.000000 0.000000 
0.000000 0.000000 0.000000 0.000000 
0.000000 0.000000 0.000000 0.000000 
0.000000 0.000000 0.000000 0.000000 
0.000000 0.000000 0.000000 0.000000 
0.000000 0.000000 0.000000 0.000000 
0.000000 0.000000 0.000000 0.000000 
0.000000 0.000000 0.000000 0.000000 
0.000000 0.000000 0.000000 0.000000 
0.000000 0.000000 0.000000 0.000000 
0.000000 0.000000 0.000000 0.000000 
0.000000 0.000000 0.000000 0.000000 
0.000000 0.000000 0.000000 0.000000 
0.000000 0.000000 0.000000 0.000000 
0.000000 0.000000 0.000000 0.000000 
0.000000 0.000000 0.000000 0.000000 
0.000000 0.000000 0.000000 0.000000 
0.000000 0.000000 0.000000 0.000000 
0.000000 0.000000 0.000000 0.000000 
0.000000 0.000000 0.000000 0.000000 
0.000000 0.000000 0.000000 0.000000 
0.000000 0.000000 0.000000 0.000000 
0.000000 0.000000 0.000000 0.000000 
0.000000 0.000000 0.000000 0.000000 
0.000000 0.000000 0.000000 0.000000 
-20.873070 -21.533510 -21.789164 -21.789164 
0.000000 0.000000 0.000000 0.000000 
0.000000 0.000000 0.000000 0.000000 
0.000000 0.000000 0.000000 0.000000 
0.000000 0.000000 0.000000 0.000000 
0.000000 0.000000 0.000000 0.000000 
0.000000 0.000000 0.000000 0.000000 
0.000000 0.000000 0.000000 0.000000 
0.000000 0.000000 0.000000 0.000000 
0.000000 0.000000 0.000000 0.000000 
0.000000 0.000000 0.000000 0.000000 
-49.032627 -47.607930 -47.715353 -48.303973 
-48.424706 -48.851817 -48.230283 -49.636823 
-48.680664 -49.196428 -48.695422 -49.405550 
-49.489092 -49.456294 -49.420238 -50.508910 
-50.492777 -50.751582 -50.335320 -50.619964 
-51.518527 -51.010055 -51.305226 -52.010055 
0.000000 0.000000 0.000000 0.000000 
0.000000 0.000000 0.000000 0.000000 
26.550588 42.006807 27.621272 26.609693 
0.000000 0.000000 0.000000 0.000000 
0.000000 0.000000 0.000000 0.000000 
0.000000 0.000000 0.000000 0.000000 
0.000000 0.000000 0.000000 0.000000 
0.000000 0.000000 0.000000 0.000000 
0.000000 0.000000 0.000000 0.000000 
0.000000 0.000000 0.000000 0.000000 
0.000000 0.000000 0.000000 0.000000 
0.000000 0.000000 0.000000 0.000000 
0.000000 0.000000 0.000000 0.000000 
0.000000 0.000000 0.000000 0.000000 
0.000000 0.000000 0.000000 0.000000 
0.000000 0.000000 0.000000 0.000000 
0.000000 0.000000 0.000000 0.000000 
0.000000 0.000000 0.000000 0.000000 
0.000000 0.000000 0.000000 0.000000 
0.000000 0.000000 0.000000 0.000000 
97.572706 95.998770 100.000000 98.000000 
98.000000 98.000000 99.000000 97.000000 
97.000000 96.000000 98.000000 97.000000 
0.000000 0.000000 0.000000 0.000000 
0.000000 0.000000 0.000000 0.000000 
0.000000 0.000000 0.000000 0.000000 
0.000000 0.000000 0.000000 0.000000 
-14.648857 -14.768505 -15.648857 -15.779811 
-16.426084 -15.786347 -15.529160 -17.368121 
-16.787238 -16.787425 -16.529160 -16.368121 
-15.730103 -15.511402 -17.217827 -16.811673 
-17.312765 -16.312765 -16.503410 -18.023718 
-17.847031 -17.646738 -17.303738 -18.408061 
-18.445830 -18.525890 -18.237116 -18.559306 
-19.368395 -19.361542 -19.177035 -20.366085 
-20.624866 -20.624898 -20.122834 -21.508387 
-21.671041 -21.639672 -21.073921 -22.460057 
-21.868823 -23.244819 -22.029832 -22.173475 
0.000000 0.000000 0.000000 0.000000 
0.000000 0.000000 0.000000 0.000000 
0.000000 0.000000 0.000000 0.000000 
0.000000 0.000000 0.000000 0.000000 
0.000000 0.000000 0.000000 0.000000 
0.000000 0.000000 0.000000 0.000000 
0.000000 0.000000 0.000000 0.000000 
0.000000 0.000000 0.000000 0.000000 
0.000000 0.000000 0.000000 0.000000 
0.000000 0.000000 0.000000 0.000000 
-48.349066 37.314273 36.314273 -48.256450 
-49.147510 50.999996 -48.877966 -49.645829 
-49.544475 -49.374807 49.999996 -49.882466 
-50.294372 -9.222091 48.999996 10.475912 
-50.936495 -32.951310 47.999996 -51.573268 
-51.887959 46.999996 -51.608591 -21.303638 
0.000000 0.000000 0.000000 0.000000 
0.000000 0.000000 0.000000 0.000000 
39.269067 43.999996 28.637311 26.903941 
0.000000 0.000000 0.000000 0.000000 
0.000000 0.000000 0.000000 0.000000 
0.000000 0.000000 0.000000 0.000000 
0.000000 0.000000 0.000000 0.000000 
0.000000 0.000000 0.000000 0.000000 
0.000000 0.000000 0.000000 0.000000 
0.000000 0.000000 0.000000 0.000000 
0.000000 0.000000 0.000000 0.000000 
0.000000 0.000000 0.000000 0.000000 
0.000000 0.000000 0.000000 0.000000 
0.000000 0.000000 0.000000 0.000000 
0.000000 0.000000 0.000000 0.000000 
0.000000 0.000000 0.000000 0.000000 
0.000000 0.000000 0.000000 0.000000 
0.000000 0.000000 0.000000 0.000000 
0.000000 0.000000 0.000000 0.000000 
0.000000 0.000000 0.000000 0.000000 
0.000000 0.000000 0.000000 0.000000 
0.000000 0.000000 0.000000 0.000000 
97.000000 95.000000 96.000000 96.000000 
0.000000 0.000000 0.000000 0.000000 
0.000000 0.000000 0.000000 0.000000 
0.000000 0.000000 0.000000 0.000000 
0.000000 0.000000 0.000000 0.000000 
0.000000 0.000000 0.000000 0.000000 
0.000000 0.000000 0.000000 0.000000 
0.000000 0.000000 0.000000 0.000000 
-16.477507 -14.516885 -14.781026 -14.849740 
0.000000 0.000000 0.000000 0.000000 
0.000000 0.000000 0.000000 0.000000 
0.000000 0.000000 0.000000 0.000000 
0.000000 0.000000 0.000000 0.000000 
0.000000 0.000000 0.000000 0.000000 
0.000000 0.000000 0.000000 0.000000 
-22.864163 -24.736075 -23.662351 -23.742181 
0.000000 0.000000 0.000000 0.000000 
0.000000 0.000000 0.000000 0.000000 
0.000000 0.000000 0.000000 0.000000 
0.000000 0.000000 0.000000 0.000000 
0.000000 0.000000 0.000000 0.000000 
0.000000 0.000000 0.000000 0.000000 
0.000000 0.000000 0.000000 0.000000 
0.000000 0.000000 0.000000 0.000000 
0.000000 0.000000 0.000000 0.000000 
0.000000 0.000000 0.000000 0.000000 
23.807943 52.999996 38.784812 -48.533052 
18.985067 51.999996 5.424778 17.832950 
48.999995 50.999996 50.999991 48.999996 
47.999839 49.999995 49.999996 47.999996 
46.999996 48.999996 48.999996 46.999996 
45.999996 47.999996 47.999996 45.999996 
45.999996 45.999996 46.999996 44.999996 
44.999996 43.999996 45.999996 43.999996 
42.999996 42.999996 44.999996 43.999996 
0.000000 0.000000 0.000000 0.000000 
0.000000 0.000000 0.000000 0.000000 
0.000000 0.000000 0.000000 0.000000 
0.000000 0.000000 0.000000 0.000000 
0.000000 0.000000 0.000000 0.000000 
0.000000 0.000000 0.000000 0.000000 
0.000000 0.000000 0.000000 0.000000 
0.000000 0.000000 0.000000 0.000000 
0.000000 0.000000 0.000000 0.000000 
0.000000 0.000000 0.000000 0.000000 
0.000000 0.000000 0.000000 0.000000 
0.000000 0.000000 0.000000 0.000000 
0.000000 0.000000 0.000000 0.000000 
0.000000 0.000000 0.000000 0.000000 
0.000000 0.000000 0.000000 0.000000 
0.000000 0.000000 0.000000 0.000000 
0.000000 0.000000 0.000000 0.000000 
0.000000 0.000000 0.000000 0.000000 
0.000000 0.000000 0.000000 0.000000 
96.000000 93.999999 95.000000 93.999999 
84.182762 90.186973 95.000000 64.119338 
-5.887649 70.726875 78.235734 77.235734 
0.000000 0.000000 0.000000 0.000000 
-13.442225 -13.442223 -13.442225 -12.442225 
-11.589948 -11.587197 -13.442222 -11.442225 
-11.538487 -12.533205 -12.315689 -12.528498 
-13.434185 -13.479537 -12.530301 -14.479686 
-14.840708 -14.476927 -13.523254 -14.477061 
0.000000 0.000000 0.000000 0.000000 
0.000000 0.000000 0.000000 0.000000 
0.000000 0.000000 0.000000 0.000000 
0.000000 0.000000 0.000000 0.000000 
0.000000 0.000000 0.000000 0.000000 
0.000000 0.000000 0.000000 0.000000 
-23.858761 -23.988375 -24.394286 -24.403486 
0.000000 0.000000 0.000000 0.000000 
0.000000 0.000000 0.000000 0.000000 
0.000000 0.000000 0.000000 0.000000 
0.000000 0.000000 0.000000 0.000000 
0.000000 0.000000 0.000000 0.000000 
0.000000 0.000000 0.000000 0.000000 
0.000000 0.000000 0.000000 0.000000 
55.999997 56.999997 55.999997 54.999996 
54.999996 54.999996 55.999997 53.999996 
53.999996 53.999996 54.999996 52.999996 
51.999996 51.999996 53.999996 51.999996 
50.999996 50.999996 52.999996 50.999996 
49.999996 49.999996 51.999996 49.999996 
48.999996 46.999996 50.999996 48.999996 
47.999996 47.999996 49.999996 47.999996 
46.999996 44.999996 48.999996 47.999996 
0.000000 0.000000 0.000000 0.000000 
44.999996 43.999996 43.999996 42.999996 
43.999996 41.999996 43.999996 41.999996 
41.999996 41.999996 42.999996 40.999996 
40.999996 40.999996 41.999996 39.999996 
39.999996 39.999996 40.999996 38.999996 
38.999996 38.999996 39.999996 37.999996 
37.999996 37.999996 38.999996 36.999996 
36.999996 36.999996 37.999996 35.999996 
35.999996 35.999996 36.999996 34.999996 
34.999996 34.999996 35.999996 33.999996 
33.999996 33.999996 34.999996 32.999996 
32.999996 32.999996 33.999996 31.999995 
31.999995 31.999995 32.999996 30.999995 
30.999995 30.999995 31.999995 29.999995 
29.999995 29.999995 30.999995 28.999995 
28.999995 28.999995 29.999995 27.999995 
27.999995 27.999995 28.999995 27.999995 
0.000000 0.000000 0.000000 0.000000 
0.000000 0.000000 0.000000 0.000000 
0.000000 0.000000 0.000000 0.000000 
92.999999 91.999999 92.999999 93.999999 
95.000000 93.999999 92.999999 92.999999 
93.999999 66.782937 53.977270 -4.999365 
75.183126 -4.999692 -5.750705 -4.946022 
-3.999860 -3.999860 -4.889222 -3.999860 
0.000000 0.000000 0.000000 0.000000 
0.000000 0.000000 0.000000 0.000000 
0.000000 0.000000 0.000000 0.000000 
0.000000 0.000000 0.000000 0.000000 
0.000000 0.000000 0.000000 0.000000 
0.000000 0.000000 0.000000 0.000000 
0.000000 0.000000 0.000000 0.000000 
0.000000 0.000000 0.000000 0.000000 
0.000000 0.000000 0.000000 0.000000 
0.000000 0.000000 0.000000 0.000000 
-25.908970 -26.957172 -26.450496 -25.844738 
-24.852353 -25.293941 -24.915421 -25.355805 
0.000000 0.000000 0.000000 0.000000 
0.000000 0.000000 0.000000 0.000000 
0.000000 0.000000 0.000000 0.000000 
0.000000 0.000000 0.000000 0.000000 
0.000000 0.000000 0.000000 0.000000 
0.000000 0.000000 0.000000 0.000000 
0.000000 0.000000 0.000000 0.000000 
55.999997 57.999997 56.999997 56.999997 
0.000000 0.000000 0.000000 0.000000 
0.000000 0.000000 0.000000 0.000000 
52.999996 -47.774054 -14.539423 -6.908245 
51.999996 -0.984643 47.066444 17.688626 
49.189990 32.209516 50.999996 -22.444766 
41.443066 47.999996 -49.088546 37.516053 
48.999996 43.112045 -49.489428 -51.125834 
-50.970901 45.999996 -50.358842 -50.965225 
0.000000 0.000000 0.000000 0.000000 
0.000000 0.000000 0.000000 0.000000 
42.999996 -14.891831 -38.683316 30.841148 
0.000000 0.000000 0.000000 0.000000 
0.000000 0.000000 0.000000 0.000000 
0.000000 0.000000 0.000000 0.000000 
0.000000 0.000000 0.000000 0.000000 
0.000000 0.000000 0.000000 0.000000 
0.000000 0.000000 0.000000 0.000000 
0.000000 0.000000 0.000000 0.000000 
0.000000 0.000000 0.000000 0.000000 
0.000000 0.000000 0.000000 0.000000 
0.000000 0.000000 0.000000 0.000000 
0.000000 0.000000 0.000000 0.000000 
0.000000 0.000000 0.000000 0.000000 
0.000000 0.000000 0.000000 0.000000 
0.000000 0.000000 0.000000 0.000000 
0.000000 0.000000 0.000000 0.000000 
0.000000 0.000000 0.000000 0.000000 
0.000000 0.000000 0.000000 0.000000 
0.000000 0.000000 0.000000 0.000000 
92.999999 90.999999 91.999999 91.999999 
0.000000 0.000000 0.000000 0.000000 
0.000000 0.000000 0.000000 0.000000 
0.000000 0.000000 0.000000 0.000000 
0.000000 0.000000 0.000000 0.000000 
71.843330 83.999999 57.269812 57.076556 
0.000000 0.000000 0.000000 0.000000 
0.000000 0.000000 0.000000 0.000000 
0.000000 0.000000 0.000000 0.000000 
0.000000 0.000000 0.000000 0.000000 
0.000000 0.000000 0.000000 0.000000 
76.999998 77.999998 76.999998 75.999998 
75.999998 75.999998 76.999998 74.999998 
74.999998 73.999998 75.999998 74.999998 
0.000000 0.000000 0.000000 0.000000 
-26.835798 71.999998 55.500051 61.241158 
0.000000 0.000000 0.000000 0.000000 
0.000000 0.000000 0.000000 0.000000 
0.000000 0.000000 0.000000 0.000000 
0.000000 0.000000 0.000000 0.000000 
0.000000 0.000000 0.000000 0.000000 
0.000000 0.000000 0.000000 0.000000 
0.000000 0.000000 0.000000 0.000000 
0.000000 0.000000 0.000000 0.000000 
56.999997 58.999997 57.999997 57.999997 
0.000000 0.000000 0.000000 0.000000 
0.000000 0.000000 0.000000 0.000000 
40.621081 -47.665135 -47.465771 -48.334882 
-48.260564 -49.055528 24.587077 -49.403128 
49.999996 -14.546153 -17.542727 -27.457063 
28.398990 -48.605653 48.999996 -48.724879 
47.999996 -48.542502 -8.379105 -50.198586 
-6.483898 -49.421327 46.999996 21.624912 
0.000000 0.000000 0.000000 0.000000 
0.000000 0.000000 0.000000 0.000000 
11.092529 -55.973450 -55.524762 -55.663319 
0.000000 0.000000 0.000000 0.000000 
0.000000 0.000000 0.000000 0.000000 
0.000000 0.000000 0.000000 0.000000 
0.000000 0.000000 0.000000 0.000000 
0.000000 0.000000 0.000000 0.000000 
0.000000 0.000000 0.000000 0.000000 
0.000000 0.000000 0.000000 0.000000 
0.000000 0.000000 0.000000 0.000000 
0.000000 0.000000 0.000000 0.000000 
0.000000 0.000000 0.000000 0.000000 
0.000000 0.000000 0.000000 0.000000 
0.000000 0.000000 0.000000 0.000000 
0.000000 0.000000 0.000000 0.000000 
0.000000 0.000000 0.000000 0.000000 
0.000000 0.000000 0.000000 0.000000 
0.000000 0.000000 0.000000 0.000000 
0.000000 0.000000 0.000000 0.000000 
0.000000 0.000000 0.000000 0.000000 
91.999999 89.999999 90.999999 90.999999 
0.000000 0.000000 0.000000 0.000000 
0.000000 0.000000 0.000000 0.000000 
0.000000 0.000000 0.000000 0.000000 
0.000000 0.000000 0.000000 0.000000 
82.999998 84.999999 83.999999 82.999998 
82.999998 82.999998 83.999999 81.999998 
81.999998 81.999998 82.999998 80.999998 
80.999998 79.999998 81.999998 79.999998 
79.999998 79.999998 80.999998 78.999998 
78.999998 78.999998 79.999998 77.999998 
76.999998 77.999998 78.999998 77.999998 
0.000000 0.000000 0.000000 0.000000 
74.999998 73.999998 73.999998 72.999998 
72.999998 72.999998 73.999998 71.999998 
70.999998 70.999998 72.999998 71.999998 
0.000000 0.000000 0.000000 0.000000 
0.000000 0.000000 0.000000 0.000000 
0.000000 0.000000 0.000000 0.000000 
0.000000 0.000000 0.000000 0.000000 
0.000000 0.000000 0.000000 0.000000 
0.000000 0.000000 0.000000 0.000000 
0.000000 0.000000 0.000000 0.000000 
0.000000 0.000000 0.000000 0.000000 
57.999997 59.999997 58.999997 58.999997 
0.000000 0.000000 0.000000 0.000000 
0.000000 0.000000 0.000000 0.000000 
-48.044910 -48.792011 -47.665140 -49.054183 
-49.180487 -48.236830 -48.646983 -48.055528 
-48.750049 -49.232294 -48.973730 0.356669 
20.786287 -48.296022 -48.537885 -48.303014 
-49.162558 -47.545488 -48.933591 -49.509771 
-48.950602 -48.509771 -48.545488 -48.858969 
0.000000 0.000000 0.000000 0.000000 
0.000000 0.000000 0.000000 0.000000 
-55.662194 -55.833395 -55.089344 -55.217347 
0.000000 0.000000 0.000000 0.000000 
0.000000 0.000000 0.000000 0.000000 
0.000000 0.000000 0.000000 0.000000 
0.000000 0.000000 0.000000 0.000000 
0.000000 0.000000 0.000000 0.000000 
0.000000 0.000000 0.000000 0.000000 
0.000000 0.000000 0.000000 0.000000 
0.000000 0.000000 0.000000 0.000000 
0.000000 0.000000 0.000000 0.000000 
0.000000 0.000000 0.000000 0.000000 
0.000000 0.000000 0.000000 0.000000 
0.000000 0.000000 0.000000 0.000000 
0.000000 0.000000 0.000000 0.000000 
0.000000 0.000000 0.000000 0.000000 
0.000000 0.000000 0.000000 0.000000 
0.000000 0.000000 0.000000 0.000000 
0.000000 0.000000 0.000000 0.000000 
0.000000 0.000000 0.000000 0.000000 
90.999999 88.999999 89.999999 88.999999 
88.999999 87.999999 89.999999 87.999999 
87.999999 84.999999 88.999999 86.999999 
86.999999 83.999999 87.999999 85.999999 
85.999999 82.999998 86.999999 84.999999 
83.999999 81.999998 85.999999 84.999999 
0.000000 0.000000 0.000000 0.000000 
0.000000 0.000000 0.000000 0.000000 
80.999998 -19.640067 62.750961 1.619074 
0.000000 0.000000 0.000000 0.000000 
0.000000 0.000000 0.000000 0.000000 
0.000000 0.000000 0.000000 0.000000 
0.000000 0.000000 0.000000 0.000000 
0.000000 0.000000 0.000000 0.000000 
0.000000 0.000000 0.000000 0.000000 
71.999998 70.999998 70.999998 69.999997 
69.999997 69.999997 70.999998 68.999997 
68.999997 68.999997 69.999997 67.999997 
67.999997 67.999997 68.999997 66.999997 
66.999997 66.999997 67.999997 65.999997 
65.999997 65.999997 66.999997 64.999997 
64.999997 63.999997 65.999997 64.999997 
0.000000 0.000000 0.000000 0.000000 
0.000000 0.000000 0.000000 0.000000 
58.999997 60.999997 59.999997 59.999997 
0.000000 0.000000 0.000000 0.000000 
0.000000 0.000000 0.000000 0.000000 
-48.661409 -49.308877 -49.232798 -48.232798 
-47.237362 -48.872030 -48.777504 -48.800982 
-48.538254 -48.587954 -48.232294 -48.371599 
-47.377262 -48.604942 -49.154450 -48.506359 
-47.506359 -47.564441 -48.377262 -49.219566 
-49.437169 -49.228019 -48.379472 -48.510226 
0.000000 0.000000 0.000000 0.000000 
0.000000 0.000000 0.000000 0.000000 
-55.107881 -55.214816 -56.083393 -55.083393 
0.000000 0.000000 0.000000 0.000000 
0.000000 0.000000 0.000000 0.000000 
0.000000 0.000000 0.000000 0.000000 
0.000000 0.000000 0.000000 0.000000 
0.000000 0.000000 0.000000 0.000000 
0.000000 0.000000 0.000000 0.000000 
0.000000 0.000000 0.000000 0.000000 
0.000000 0.000000 0.000000 0.000000 
0.000000 0.000000 0.000000 0.000000 
0.000000 0.000000 0.000000 0.000000 
0.000000 0.000000 0.000000 0.000000 
0.000000 0.000000 0.000000 0.000000 
0.000000 0.000000 0.000000 0.000000 
0.000000 0.000000 0.000000 0.000000 
0.000000 0.000000 0.000000 0.000000 
0.000000 0.000000 0.000000 0.000000 
0.000000 0.000000 0.000000 0.000000 
0.000000 0.000000 0.000000 0.000000 
89.999999 85.714778 82.722457 85.625257 
64.320576 38.157352 88.999999 -11.740138 
63.340135 85.999999 14.026795 83.086851 
74.215727 66.951170 84.999999 32.945815 
64.877578 -13.427220 83.999999 72.712648 
-14.974309 -14.130543 82.999998 54.317833 
0.000000 0.000000 0.000000 0.000000 
0.000000 0.000000 0.000000 0.000000 
-19.773328 -19.405263 -18.640190 -19.620892 
0.000000 0.000000 0.000000 0.000000 
0.000000 0.000000 0.000000 0.000000 
0.000000 0.000000 0.000000 0.000000 
0.000000 0.000000 0.000000 0.000000 
0.000000 0.000000 0.000000 0.000000 
0.000000 0.000000 0.000000 0.000000 
0.000000 0.000000 0.000000 0.000000 
0.000000 0.000000 0.000000 0.000000 
0.000000 0.000000 0.000000 0.000000 
0.000000 0.000000 0.000000 0.000000 
0.000000 0.000000 0.000000 0.000000 
0.000000 0.000000 0.000000 0.000000 
64.999997 63.999997 63.999997 62.999997 
62.999997 62.999997 63.999997 61.999997 
61.999997 61.999997 62.999997 60.999997 
59.999997 60.999997 61.999997 60.999997 
0.000000 0.000000 0.000000 0.000000 
0.000000 0.000000 0.000000 0.000000 
-49.232716 -48.858022 -48.508277 -48.319070 
-47.872456 -49.870096 -48.504689 -48.523841 
-48.648665 -49.084725 -48.794869 -48.637754 
-47.701051 -47.638000 -47.799458 -48.586058 
-47.586091 -49.316804 -48.439304 -48.171549 
-48.262998 -48.958314 -48.308921 -48.818690 
0.000000 0.000000 0.000000 0.000000 
0.000000 0.000000 0.000000 0.000000 
-54.260587 -54.302982 -55.134214 -55.031227 
0.000000 0.000000 0.000000 0.000000 
0.000000 0.000000 0.000000 0.000000 
0.000000 0.000000 0.000000 0.000000 
0.000000 0.000000 0.000000 0.000000 
0.000000 0.000000 0.000000 0.000000 
0.000000 0.000000 0.000000 0.000000 
0.000000 0.000000 0.000000 0.000000 
0.000000 0.000000 0.000000 0.000000 
0.000000 0.000000 0.000000 0.000000 
0.000000 0.000000 0.000000 0.000000 
0.000000 0.000000 0.000000 0.000000 
0.000000 0.000000 0.000000 0.000000 
0.000000 0.000000 0.000000 0.000000 
0.000000 0.000000 0.000000 0.000000 
0.000000 0.000000 0.000000 0.000000 
0.000000 0.000000 0.000000 0.000000 
0.000000 0.000000 0.000000 0.000000 
0.000000 0.000000 0.000000 0.000000 
88.999999 74.280383 71.703637 86.142993 
83.774721 80.582400 87.999999 33.777116 
84.762905 68.724462 86.999999 72.718109 
-12.878052 -12.829415 85.062507 -12.812387 
-13.749701 -12.869655 -13.677868 -13.332930 
-14.784977 -13.624093 -13.869006 -13.795007 
0.000000 0.000000 0.000000 0.000000 
0.000000 0.000000 0.000000 0.000000 
-19.640190 -19.670793 -18.405263 -18.417531 
0.000000 0.000000 0.000000 0.000000 
0.000000 0.000000 0.000000 0.000000 
0.000000 0.000000 0.000000 0.000000 
0.000000 0.000000 0.000000 0.000000 
0.000000 0.000000 0.000000 0.000000 
0.000000 0.000000 0.000000 0.000000 
0.000000 0.000000 0.000000 0.000000 
0.000000 0.000000 0.000000 0.000000 
0.000000 0.000000 0.000000 0.000000 
0.000000 0.000000 0.000000 0.000000 
0.000000 0.000000 0.000000 0.000000 
0.000000 0.000000 0.000000 0.000000 
0.000000 0.000000 0.000000 0.000000 
0.000000 0.000000 0.000000 0.000000 
0.000000 0.000000 0.000000 0.000000 
0.000000 0.000000 0.000000 0.000000 
0.000000 0.000000 0.000000 0.000000 
0.000000 0.000000 0.000000 0.000000 
-49.318925 -49.717138 -50.146447 -49.870165 
-48.870165 -49.404046 -50.318925 -49.590856 
-49.636867 -49.447707 -49.839662 -49.300401 
-48.601511 -49.311586 -50.083375 -48.628510 
-48.316863 -50.196781 -49.596635 -48.416034 
-49.099328 -48.345024 -48.934504 -48.083138 
0.000000 0.000000 0.000000 0.000000 
0.000000 0.000000 0.000000 0.000000 
-53.644671 -55.330127 -53.330127 -54.191570 
0.000000 0.000000 0.000000 0.000000 
0.000000 0.000000 0.000000 0.000000 
0.000000 0.000000 0.000000 0.000000 
0.000000 0.000000 0.000000 0.000000 
0.000000 0.000000 0.000000 0.000000 
0.000000 0.000000 0.000000 0.000000 
0.000000 0.000000 0.000000 0.000000 
0.000000 0.000000 0.000000 0.000000 
0.000000 0.000000 0.000000 0.000000 
0.000000 0.000000 0.000000 0.000000 
0.000000 0.000000 0.000000 0.000000 
0.000000 0.000000 0.000000 0.000000 
0.000000 0.000000 0.000000 0.000000 
0.000000 0.000000 0.000000 0.000000 
0.000000 0.000000 0.000000 0.000000 
0.000000 0.000000 0.000000 0.000000 
0.000000 0.000000 0.000000 0.000000 
0.000000 0.000000 0.000000 0.000000 
84.225088 -11.508019 -11.659147 -10.947651 
86.884517 -11.732013 -11.858953 -12.706158 
-12.554669 -12.585030 80.191291 -12.558724 
-11.855500 -12.507412 -12.815836 -12.700175 
-13.775047 -11.869694 -12.689046 -13.868784 
-14.623168 -13.866342 -12.869152 -13.869152 
0.000000 0.000000 0.000000 0.000000 
0.000000 0.000000 0.000000 0.000000 
-19.405223 -18.670809 -19.632916 -19.670809 
0.000000 0.000000 0.000000 0.000000 
0.000000 0.000000 0.000000 0.000000 
0.000000 0.000000 0.000000 0.000000 
0.000000 0.000000 0.000000 0.000000 
0.000000 0.000000 0.000000 0.000000 
0.000000 0.000000 0.000000 0.000000 
0.000000 0.000000 0.000000 0.000000 
0.000000 0.000000 0.000000 0.000000 
0.000000 0.000000 0.000000 0.000000 
0.000000 0.000000 0.000000 0.000000 
0.000000 0.000000 0.000000 0.000000 
0.000000 0.000000 0.000000 0.000000 
0.000000 0.000000 0.000000 0.000000 
0.000000 0.000000 0.000000 0.000000 
0.000000 0.000000 0.000000 0.000000 
0.000000 0.000000 0.000000 0.000000 
0.000000 0.000000 0.000000 0.000000 
0.000000 0.000000 0.000000 0.000000 
-48.765682 -49.765583 -49.765682 -49.424335 
-49.864556 -48.820094 -48.727699 -48.449916 
-50.296845 -49.298357 -49.049601 -49.311290 
-49.600890 -50.600258 -50.048630 -50.205496 
-49.310614 -50.122669 -50.600890 -49.205496 
-49.082688 -48.208307 -50.178534 -48.206607 
0.000000 0.000000 0.000000 0.000000 
0.000000 0.000000 0.000000 0.000000 
-54.330127 -55.330124 -55.330127 -55.330125 
0.000000 0.000000 0.000000 0.000000 
0.000000 0.000000 0.000000 0.000000 
0.000000 0.000000 0.000000 0.000000 
0.000000 0.000000 0.000000 0.000000 
0.000000 0.000000 0.000000 0.000000 
0.000000 0.000000 0.000000 0.000000 
0.000000 0.000000 0.000000 0.000000 
0.000000 0.000000 0.000000 0.000000 
0.000000 0.000000 0.000000 0.000000 
0.000000 0.000000 0.000000 0.000000 
0.000000 0.000000 0.000000 0.000000 
0.000000 0.000000 0.000000 0.000000 
0.000000 0.000000 0.000000 0.000000 
0.000000 0.000000 0.000000 0.000000 
0.000000 0.000000 0.000000 0.000000 
