20.080000 15.080000 13.080000 22.080000 17.080000 24.080000 
18.035645 19.035645 11.035645 20.035645 21.035645 18.035645 
14.463360 9.463360 17.463360 16.463360 11.463360 14.463360 
22.000000 17.000000 15.000000 24.000000 19.000000 22.000000 
11.068800 12.068800 4.068800 13.068800 14.068800 11.068800 
14.417684 15.419369 7.439876 12.415848 17.425403 10.411164 
18.228671 19.228671 21.228671 16.228671 21.228671 14.228671 
7.593933 8.594226 0.592103 5.593787 10.588215 3.595467 
22.000000 17.000000 25.000000 24.000000 19.000000 22.000000 
10.943429 12.002370 13.996788 8.983760 13.997017 6.934730 
16.757120 11.757120 19.757120 14.757120 13.757120 12.757120 
19.728386 14.722175 22.739678 17.747741 16.758604 15.723552 
12.200401 7.185081 5.209867 14.225054 9.204122 12.252564 
7.856000 8.856000 0.856000 5.856000 10.856000 3.856000 
7.280000 2.280000 10.280000 5.280000 4.280000 3.280000 
18.228853 13.228716 11.228671 16.228670 15.228743 14.228781 
12.579200 13.579200 5.579200 14.579200 15.579200 12.579200 
9.884800 10.884800 2.884800 7.884800 12.884800 5.884800 
12.579200 13.579200 15.579200 10.579200 15.579200 8.579200 
17.482915 18.482915 10.482915 15.482915 20.482915 13.482915 
14.653089 15.650724 7.652183 12.651780 17.649435 10.653340 
-2.000000 3.000000 -5.000000 -4.000000 1.000000 -6.000000 
12.622951 17.622951 19.622951 10.622951 15.622951 8.622951 
13.354125 18.354125 10.354125 11.354125 16.354125 9.354125 
19.140821 20.140821 22.140821 17.140821 22.140821 15.140821 
11.922168 16.922168 18.922168 9.922168 14.922168 7.922168 
14.141240 19.141240 21.141240 12.141240 17.141240 10.141240 
11.970688 16.970688 18.970688 9.970688 14.970688 7.970688 
15.316400 16.316400 8.316400 13.316400 18.316400 11.316400 
-2.000000 3.000000 -5.000000 -4.000000 1.000000 -6.000000 
6.736000 11.736000 13.736000 4.736000 9.736000 2.736000 
7.953118 12.969079 4.858484 5.871834 10.998686 3.972020 
12.307840 7.307840 15.307840 14.307840 9.307840 12.307840 
7.280000 8.280000 10.280000 5.280000 10.280000 3.280000 
21.200000 16.200000 24.200000 19.200000 18.200000 17.200000 
19.746663 14.758411 22.766040 17.739696 16.724375 15.739269 
11.760000 12.760000 14.760000 9.760000 14.760000 7.760000 
16.400000 21.400000 23.400000 14.400000 19.400000 12.400000 
13.930394 18.930394 20.930394 11.930394 16.930394 9.930394 
15.030642 19.742923 22.303797 13.078359 17.917961 11.243059 
17.738680 12.738680 20.738680 15.738680 14.738680 13.738680 
6.741230 11.680176 13.687598 4.666035 9.718944 2.712580 
-2.000000 -3.000000 5.000000 -4.000000 -5.000000 -6.000000 
18.000000 17.000000 25.000000 16.000000 15.000000 14.000000 
19.600000 14.600000 22.600000 17.600000 16.600000 15.600000 
18.000000 23.000000 25.000000 16.000000 21.000000 14.000000 
10.463360 9.463360 17.463360 8.463360 7.463360 6.463360 
18.000000 17.000000 25.000000 16.000000 15.000000 14.000000 
11.231666 6.243959 4.228696 13.244761 8.235045 11.240455 
4.400000 5.400000 -2.600000 2.400000 7.400000 0.400000 
16.683300 11.683300 19.683300 14.683300 13.683300 12.683300 
22.000000 17.000000 15.000000 20.000000 19.000000 18.000000 
11.666421 12.689600 4.665108 9.695061 14.713034 7.712278 
-2.000000 3.000000 -5.000000 -4.000000 1.000000 -6.000000 
9.645501 14.645501 16.645501 7.645501 12.645501 5.645501 
14.912992 19.912992 11.912992 12.912992 17.912992 10.912992 
13.716046 8.716170 16.710360 11.683346 10.690267 9.703489 
13.286507 18.285992 20.286371 11.286117 16.286486 9.286734 
10.241054 9.241054 17.241054 8.241054 7.241054 6.241054 
8.301318 7.301318 15.301318 6.301318 5.301318 4.301318 
12.876647 7.876647 5.876647 10.876647 9.876647 8.876647 
-2.000000 3.000000 -5.000000 -4.000000 1.000000 -6.000000 
-2.000000 -3.000000 5.000000 -4.000000 -5.000000 -6.000000 
0.000000 0.000000 0.000000 0.000000 0.000000 0.000000 
22.270039 15.270039 15.270039 24.270039 17.270039 26.270039 
15.828194 18.828200 8.828071 17.828166 20.828138 15.828046 
12.475147 5.475147 15.475147 14.475147 7.475147 12.475147 
15.215256 8.339554 8.316768 17.298439 10.361311 15.345158 
21.475712 24.475712 14.475712 23.475712 26.475712 21.475712 
19.370125 22.370125 12.370125 17.370125 24.370125 15.370125 
20.311377 23.306100 23.304611 18.302775 25.311196 16.302738 
19.047210 22.047210 12.047210 17.047210 24.047210 15.047210 
16.685092 9.681406 19.681678 18.683337 11.680986 16.684899 
19.516972 22.516972 22.516972 17.516972 24.516972 15.516972 
22.300966 15.300968 25.300962 20.300964 17.300963 18.300964 
20.820352 13.820352 23.820352 18.820352 15.820352 16.820352 
15.808920 8.809639 8.807153 17.810085 10.809797 15.810981 
18.027420 21.027420 11.027420 16.027420 23.027420 14.027420 
16.106986 9.106329 19.108297 14.107013 11.108104 12.107454 
20.346001 13.455181 13.556860 18.738797 15.607679 16.675108 
18.730394 21.730394 11.730394 20.730394 23.730394 18.730394 
17.448513 20.439484 10.437955 15.452905 22.456621 13.442296 
20.426535 23.426535 23.426535 18.426535 25.426535 16.426535 
20.421936 23.421936 13.421936 18.421936 25.421936 16.421936 
21.661691 24.662290 14.661810 19.662917 26.661558 17.662375 
12.387917 19.470729 9.528944 10.459414 17.473779 8.495986 
13.176550 20.176550 20.176550 11.176550 18.176550 9.176550 
16.532384 23.536073 13.537197 14.533759 21.536620 12.534742 
18.525092 21.525092 21.525092 16.525092 23.525092 14.525092 
12.757120 19.757120 19.757120 10.757120 17.757120 8.757120 
16.593076 23.593040 23.593074 14.593125 21.593097 12.593050 
13.141437 20.143008 20.141467 11.138286 18.142459 9.144785 
21.360000 24.360000 14.360000 19.360000 26.360000 17.360000 
14.338577 21.331627 11.352786 12.347149 19.322842 10.327919 
13.522580 20.522580 20.522580 11.522580 18.522580 9.522580 
12.885359 19.888470 9.875904 10.860447 17.885420 8.871409 
12.532844 5.534120 15.534115 14.529769 7.534104 12.520175 
19.227147 22.227147 22.227147 17.227147 24.227147 15.227147 
19.696000 12.696000 22.696000 17.696000 14.696000 15.696000 
18.849855 11.850041 21.848582 16.849226 13.849920 14.849121 
20.039755 23.039590 23.039651 18.041658 25.042524 16.040629 
8.685478 15.686204 15.685433 6.680305 13.684524 4.687894 
14.887252 21.887252 21.887252 12.887252 19.887252 10.887252 
15.395452 22.395452 22.395452 13.395452 20.395452 11.395452 
20.450604 13.452008 23.455326 18.443165 15.453944 16.456432 
11.110522 18.110522 18.110522 9.110522 16.110522 7.110522 
12.026974 9.027186 19.026762 10.025597 7.024901 8.025951 
13.034275 10.034275 20.034275 11.034275 8.034275 9.034275 
19.704474 12.706885 22.704900 17.705192 14.708375 15.706765 
14.309012 21.309012 21.309012 12.309012 19.309012 10.309012 
13.386266 10.386266 20.386266 11.386266 8.386266 9.386266 
16.823527 13.822749 23.823609 14.823009 11.822648 12.824165 
19.481594 12.481950 12.481442 21.480453 14.481659 19.481115 
15.811273 18.753762 8.781157 13.732213 20.743594 11.711614 
16.653120 9.653120 19.653120 14.653120 11.653120 12.653120 
18.571383 11.591392 11.547789 16.628763 13.386029 14.717011 
17.610394 20.610394 10.610394 15.610394 22.610394 13.610394 
12.864637 19.867470 9.859608 10.866478 17.861001 8.866357 
14.662443 21.662414 21.662404 12.662449 19.662431 10.662393 
14.338930 21.328413 11.370565 12.352652 19.331206 10.348393 
18.787452 11.787452 21.787452 16.787452 13.787452 14.787452 
14.577997 21.577997 21.577997 12.577997 19.577997 10.577997 
10.791040 7.791040 17.791040 8.791040 5.791040 6.791040 
15.124475 12.120414 22.107453 13.118548 10.109923 11.120114 
21.058644 14.059704 14.059955 19.059332 16.059843 17.060444 
15.110028 22.104839 12.106288 13.110016 20.112175 11.114532 
17.264000 14.264000 24.264000 15.264000 12.264000 13.264000 
0.000000 0.000000 0.000000 0.000000 0.000000 0.000000 
20.590214 15.590214 11.590214 22.590214 17.590214 24.590214 
23.150063 24.150063 14.150063 25.150063 26.150063 23.150063 
15.325226 10.325524 20.323942 17.324207 12.324647 15.324419 
21.237768 16.237768 12.237768 23.237768 18.237768 21.237768 
20.825462 21.825760 11.825307 22.823961 23.826380 20.825777 
21.967888 22.967888 12.967888 19.967888 24.967888 17.967888 
25.003734 26.003576 30.003213 23.000794 28.004329 21.004837 
19.960191 20.960139 10.960143 17.960006 22.959990 15.960210 
20.267391 15.267388 25.267342 22.267365 17.267405 20.267444 
19.546526 20.557334 24.464247 17.440335 22.488670 15.520219 
16.737529 11.737502 21.737999 14.737877 13.737451 12.737446 
21.206739 16.208645 26.211705 19.209646 18.207695 17.209771 
23.200948 18.204790 14.228585 25.215659 20.230714 23.274248 
21.672172 22.672172 12.672172 19.672172 24.672172 17.672172 
19.134452 14.134452 24.134452 17.134452 16.134452 15.134452 
18.225268 13.223667 9.219491 16.224418 15.222829 14.215159 
25.383742 26.383340 16.382106 27.383272 28.383037 25.381856 
24.280982 25.280944 15.280962 22.281004 27.280986 20.281025 
22.288531 23.271897 27.291442 20.285402 25.269728 18.280492 
15.841642 16.841155 6.841511 13.841745 18.842429 11.841391 
24.254082 25.254082 15.254082 22.254082 27.254082 20.254082 
18.343335 23.343304 13.343388 16.343418 21.343326 14.343462 
15.660838 20.660823 24.660778 13.660851 18.660793 11.660816 
17.733351 23.320228 13.149857 16.312933 21.169318 14.560139 
23.762300 24.762620 28.763755 21.762993 26.763080 19.765479 
14.273889 19.273859 23.273388 12.273664 17.273486 10.273878 
17.437579 22.437579 26.437579 15.437579 20.437579 13.437579 
17.948547 22.947648 26.943573 15.951617 20.948982 13.946733 
18.621217 19.621217 9.621217 16.621217 21.621217 14.621217 
14.136140 19.136430 9.135700 12.135417 17.135951 10.135794 
19.793783 24.793783 28.793783 17.793783 22.793783 15.793783 
13.307392 18.307608 8.306824 11.306306 16.307629 9.306273 
21.025172 15.920575 26.033888 22.957554 18.011489 21.035122 
20.010240 21.008802 25.008578 18.013860 23.015259 16.012358 
16.930338 11.912780 21.968229 14.952861 13.951905 12.915611 
17.408504 12.415612 22.436777 15.486246 14.427939 13.436258 
22.449824 23.449824 27.449824 20.449824 25.449824 18.449824 
15.671649 20.670790 24.670346 13.672073 18.671335 11.671554 
16.365876 21.365801 25.364739 14.365408 19.365552 12.366539 
17.316453 22.301065 26.317794 15.308143 20.311150 13.315556 
23.518709 18.518709 28.518709 21.518709 20.518709 19.518709 
15.541519 20.544338 24.545760 13.544720 18.545835 11.545263 
18.961385 17.961565 27.963375 16.960881 15.961644 14.962301 
18.215941 17.221336 27.224050 16.223066 15.224021 14.217887 
17.507385 12.509458 22.497855 15.502769 14.505715 13.508443 
19.269507 24.203500 28.246210 17.235759 22.249727 15.231094 
17.620377 16.620377 26.620377 15.620377 14.620377 13.620377 
18.775409 17.697860 27.819816 16.801470 15.812266 14.815451 
19.452212 14.451927 10.451759 21.452571 16.452199 19.451786 
20.520305 21.520413 11.520503 18.520311 23.520590 16.520101 
19.160996 14.160796 24.161371 17.160794 16.161004 15.160889 
20.170455 15.168720 11.170723 18.170060 17.169603 16.170745 
19.500816 20.500816 10.500816 17.500816 22.500816 15.500816 
13.604545 18.604565 8.606489 11.605068 16.606595 9.607773 
16.563895 21.563895 25.563895 14.563895 19.563895 12.563895 
17.450665 22.450836 12.450792 15.450476 20.450401 13.450514 
21.171989 16.171972 26.171997 19.171990 18.171986 17.171991 
12.644315 17.643878 21.644857 10.643901 15.643674 8.644342 
12.563876 11.559455 21.566270 10.558733 9.560269 8.562389 
15.314156 14.314310 24.314614 13.313976 12.314201 11.314325 
17.072156 12.070453 8.071025 15.070191 14.070474 13.070659 
12.304789 17.305120 7.304556 10.304106 15.303253 8.305767 
14.150415 13.150499 23.150217 12.150660 11.150365 10.150900 
0.000000 0.000000 0.000000 0.000000 0.000000 0.000000 