0.000000 0.000000 0.000000 0.000000 
0.000000 0.000000 0.000000 0.000000 
-17.334275 -17.331558 -17.334100 -16.334275 
-16.689903 -15.689903 -17.285293 -17.584993 
-17.277874 -17.334275 -16.688634 -17.382706 
-18.478020 -17.478020 -17.664304 -18.732568 
-18.472276 -18.472419 -18.440543 -19.266679 
-20.311275 -20.382382 -19.382382 -21.281734 
-21.331460 -21.379502 -20.379502 -21.488451 
-21.241956 -21.241886 -21.376784 -23.082306 
-23.226471 -23.156262 -22.226471 -24.060410 
-23.117506 -23.068303 -23.211264 -24.117813 
-23.574806 -24.075357 -23.733241 -25.109595 
-25.114783 -25.117596 -24.413633 -26.117587 
-26.117596 -26.062731 -25.309276 -26.536783 
-27.120696 -28.241704 -26.241705 -26.267922 
0.000000 0.000000 0.000000 0.000000 
0.000000 0.000000 0.000000 0.000000 
0.000000 0.000000 0.000000 0.000000 
0.000000 0.000000 0.000000 0.000000 
0.000000 0.000000 0.000000 0.000000 
0.000000 0.000000 0.000000 0.000000 
0.000000 0.000000 0.000000 0.000000 
57.999997 58.999997 57.999997 56.999997 
56.999997 56.999997 57.999997 56.999997 
0.000000 0.000000 0.000000 0.000000 
0.000000 0.000000 0.000000 0.000000 
0.000000 0.000000 0.000000 0.000000 
0.000000 0.000000 0.000000 0.000000 
0.000000 0.000000 0.000000 0.000000 
0.000000 0.000000 0.000000 0.000000 
0.000000 0.000000 0.000000 0.000000 
0.000000 0.000000 0.000000 0.000000 
0.000000 0.000000 0.000000 0.000000 
0.000000 0.000000 0.000000 0.000000 
0.000000 0.000000 0.000000 0.000000 
0.000000 0.000000 0.000000 0.000000 
0.000000 0.000000 0.000000 0.000000 
0.000000 0.000000 0.000000 0.000000 
0.000000 0.000000 0.000000 0.000000 
0.000000 0.000000 0.000000 0.000000 
0.000000 0.000000 0.000000 0.000000 
-27.241705 -27.535991 -27.602604 -28.475166 
-28.471656 -28.416436 -27.991298 -29.477138 
-29.477137 -29.477138 -28.827661 -30.477138 
-30.476930 -30.477137 -29.720323 -30.293144 
-31.146786 -32.241923 -30.649452 -31.649452 
0.000000 0.000000 0.000000 0.000000 
0.000000 0.000000 0.000000 0.000000 
59.999997 60.999997 59.999997 58.999997 
57.999997 58.999997 59.999997 58.999997 
0.000000 0.000000 0.000000 0.000000 
0.000000 0.000000 0.000000 0.000000 
0.000000 0.000000 0.000000 0.000000 
0.000000 0.000000 0.000000 0.000000 
0.000000 0.000000 0.000000 0.000000 
0.000000 0.000000 0.000000 0.000000 
0.000000 0.000000 0.000000 0.000000 
0.000000 0.000000 0.000000 0.000000 
0.000000 0.000000 0.000000 0.000000 
0.000000 0.000000 0.000000 0.000000 
0.000000 0.000000 0.000000 0.000000 
0.000000 0.000000 0.000000 0.000000 
0.000000 0.000000 0.000000 0.000000 
0.000000 0.000000 0.000000 0.000000 
0.000000 0.000000 0.000000 0.000000 
0.000000 0.000000 0.000000 0.000000 
0.000000 0.000000 0.000000 0.000000 
0.000000 0.000000 0.000000 0.000000 
0.000000 0.000000 0.000000 0.000000 
0.000000 0.000000 0.000000 0.000000 
0.000000 0.000000 0.000000 0.000000 
0.000000 0.000000 0.000000 0.000000 
-31.599005 -31.434786 -31.497848 -31.403634 
0.000000 0.000000 0.000000 0.000000 
0.000000 0.000000 0.000000 0.000000 
59.999997 61.999997 60.999997 60.999997 
0.000000 0.000000 0.000000 0.000000 
0.000000 0.000000 0.000000 0.000000 
0.000000 0.000000 0.000000 0.000000 
0.000000 0.000000 0.000000 0.000000 
0.000000 0.000000 0.000000 0.000000 
0.000000 0.000000 0.000000 0.000000 
0.000000 0.000000 0.000000 0.000000 
0.000000 0.000000 0.000000 0.000000 
0.000000 0.000000 0.000000 0.000000 
0.000000 0.000000 0.000000 0.000000 
0.000000 0.000000 0.000000 0.000000 
0.000000 0.000000 0.000000 0.000000 
0.000000 0.000000 0.000000 0.000000 
0.000000 0.000000 0.000000 0.000000 
0.000000 0.000000 0.000000 0.000000 
0.000000 0.000000 0.000000 0.000000 
0.000000 0.000000 0.000000 0.000000 
0.000000 0.000000 0.000000 0.000000 
0.000000 0.000000 0.000000 0.000000 
0.000000 0.000000 0.000000 0.000000 
0.000000 0.000000 0.000000 0.000000 
0.000000 0.000000 0.000000 0.000000 
0.000000 0.000000 0.000000 0.000000 
-32.075550 65.999997 -31.499207 -31.499249 
0.000000 0.000000 0.000000 0.000000 
0.000000 0.000000 0.000000 0.000000 
60.999997 62.999997 61.999997 61.999997 
0.000000 0.000000 0.000000 0.000000 
0.000000 0.000000 0.000000 0.000000 
0.000000 0.000000 0.000000 0.000000 
0.000000 0.000000 0.000000 0.000000 
0.000000 0.000000 0.000000 0.000000 
0.000000 0.000000 0.000000 0.000000 
0.000000 25.278412 100.000000 98.000000 
98.000000 98.000000 99.000000 97.000000 
97.000000 96.000000 98.000000 97.000000 
0.000000 0.000000 0.000000 0.000000 
0.000000 0.000000 0.000000 0.000000 
0.000000 0.000000 0.000000 0.000000 
0.000000 0.000000 0.000000 0.000000 
-24.726537 -25.723173 -25.726537 -25.842467 
-25.785508 -25.782375 -25.723173 -27.514569 
-27.517202 -27.517213 -26.723173 -26.448988 
-28.397921 -27.504949 -27.449445 -27.448740 
-27.462980 -28.462980 -28.439417 -27.646768 
-29.443662 -29.393121 -28.461722 -30.447403 
-29.621911 -30.443649 -29.460566 -31.446768 
-31.262909 -31.298138 -30.459503 -31.422754 
-32.436877 -32.437173 -31.457701 -32.616478 
55.073176 57.662413 -32.456043 65.999997 
64.999997 66.999997 64.999997 64.999997 
64.999997 64.999997 65.999997 63.999997 
63.999997 63.999997 64.999997 62.999997 
61.999997 62.999997 63.999997 62.999997 
0.000000 0.000000 0.000000 0.000000 
0.000000 0.000000 0.000000 0.000000 
0.000000 0.000000 0.000000 0.000000 
0.000000 0.000000 0.000000 0.000000 
0.000000 0.000000 0.000000 0.000000 
0.000000 0.000000 0.000000 0.000000 
0.000000 0.000000 0.000000 0.000000 
0.000000 0.000000 0.000000 0.000000 
97.000000 95.000000 96.000000 96.000000 
0.000000 0.000000 0.000000 0.000000 
0.000000 0.000000 0.000000 0.000000 
0.000000 0.000000 0.000000 0.000000 
0.000000 0.000000 0.000000 0.000000 
0.000000 0.000000 0.000000 0.000000 
0.000000 0.000000 0.000000 0.000000 
0.000000 0.000000 0.000000 0.000000 
-27.325883 -28.241335 -27.514348 -26.514348 
0.000000 0.000000 0.000000 0.000000 
0.000000 0.000000 0.000000 0.000000 
0.000000 0.000000 0.000000 0.000000 
0.000000 0.000000 0.000000 0.000000 
0.000000 0.000000 0.000000 0.000000 
0.000000 0.000000 0.000000 0.000000 
65.999997 67.999997 66.999997 66.999997 
0.000000 0.000000 0.000000 0.000000 
0.000000 0.000000 0.000000 0.000000 
0.000000 0.000000 0.000000 0.000000 
0.000000 0.000000 0.000000 0.000000 
0.000000 0.000000 0.000000 0.000000 
0.000000 0.000000 0.000000 0.000000 
0.000000 0.000000 0.000000 0.000000 
0.000000 0.000000 0.000000 0.000000 
0.000000 0.000000 0.000000 0.000000 
0.000000 0.000000 0.000000 0.000000 
0.000000 0.000000 0.000000 0.000000 
96.000000 93.999999 95.000000 93.999999 
47.673850 -4.938287 95.000000 -5.872064 
-4.935644 -5.949865 -4.993583 -5.934367 
0.000000 0.000000 0.000000 0.000000 
-27.603353 -27.643606 -27.643608 -26.643608 
-25.643608 -25.643608 -27.643587 -25.715585 
-26.634862 -25.634862 -26.562880 -26.715589 
-26.342001 -26.342000 -26.560652 -27.692192 
-27.461855 -27.692285 -27.289551 -27.692286 
0.000000 0.000000 0.000000 0.000000 
0.000000 0.000000 0.000000 0.000000 
0.000000 0.000000 0.000000 0.000000 
0.000000 0.000000 0.000000 0.000000 
0.000000 0.000000 0.000000 0.000000 
0.000000 0.000000 0.000000 0.000000 
66.999997 68.999997 67.999997 67.999997 
0.000000 0.000000 0.000000 0.000000 
0.000000 0.000000 0.000000 0.000000 
0.000000 0.000000 0.000000 0.000000 
0.000000 0.000000 0.000000 0.000000 
0.000000 0.000000 0.000000 0.000000 
0.000000 0.000000 0.000000 0.000000 
0.000000 0.000000 0.000000 0.000000 
0.000000 0.000000 0.000000 0.000000 
0.000000 0.000000 0.000000 0.000000 
0.000000 0.000000 0.000000 0.000000 
92.999999 91.999999 92.999999 93.999999 
95.000000 93.999999 92.999999 92.999999 
93.999999 82.485694 -4.804875 63.909505 
-5.935644 -5.949863 73.205065 -6.949865 
-6.926627 -6.949865 -5.949865 -6.949865 
0.000000 0.000000 0.000000 0.000000 
0.000000 0.000000 0.000000 0.000000 
0.000000 0.000000 0.000000 0.000000 
0.000000 0.000000 0.000000 0.000000 
0.000000 0.000000 0.000000 0.000000 
0.000000 0.000000 0.000000 0.000000 
0.000000 0.000000 0.000000 0.000000 
0.000000 0.000000 0.000000 0.000000 
0.000000 0.000000 0.000000 0.000000 
0.000000 0.000000 0.000000 0.000000 
69.999997 70.999998 69.999997 68.999997 
67.999997 68.999997 69.999997 68.999997 
0.000000 0.000000 0.000000 0.000000 
0.000000 0.000000 0.000000 0.000000 
0.000000 0.000000 0.000000 0.000000 
0.000000 0.000000 0.000000 0.000000 
0.000000 0.000000 0.000000 0.000000 
0.000000 0.000000 0.000000 0.000000 
0.000000 0.000000 0.000000 0.000000 
0.000000 0.000000 0.000000 0.000000 
0.000000 0.000000 0.000000 0.000000 
0.000000 0.000000 0.000000 0.000000 
92.999999 90.999999 91.999999 91.999999 
0.000000 0.000000 0.000000 0.000000 
0.000000 0.000000 0.000000 0.000000 
0.000000 0.000000 0.000000 0.000000 
0.000000 0.000000 0.000000 0.000000 
81.352452 83.999999 74.568733 -14.451867 
0.000000 0.000000 0.000000 0.000000 
0.000000 0.000000 0.000000 0.000000 
0.000000 0.000000 0.000000 0.000000 
0.000000 0.000000 0.000000 0.000000 
0.000000 0.000000 0.000000 0.000000 
76.999998 77.999998 76.999998 75.999998 
75.999998 75.999998 76.999998 74.999998 
74.999998 73.999998 75.999998 74.999998 
0.000000 0.000000 0.000000 0.000000 
69.999997 71.999998 70.999998 70.999998 
0.000000 0.000000 0.000000 0.000000 
0.000000 0.000000 0.000000 0.000000 
0.000000 0.000000 0.000000 0.000000 
0.000000 0.000000 0.000000 0.000000 
0.000000 0.000000 0.000000 0.000000 
0.000000 0.000000 0.000000 0.000000 
0.000000 0.000000 0.000000 0.000000 
0.000000 0.000000 0.000000 0.000000 
0.000000 0.000000 0.000000 0.000000 
0.000000 0.000000 0.000000 0.000000 
0.000000 0.000000 0.000000 0.000000 
91.999999 89.999999 90.999999 90.999999 
0.000000 0.000000 0.000000 0.000000 
0.000000 0.000000 0.000000 0.000000 
0.000000 0.000000 0.000000 0.000000 
0.000000 0.000000 0.000000 0.000000 
82.999998 84.999999 83.999999 82.999998 
82.999998 82.999998 83.999999 81.999998 
81.999998 81.999998 82.999998 80.999998 
80.999998 79.999998 81.999998 79.999998 
79.999998 79.999998 80.999998 78.999998 
78.999998 78.999998 79.999998 77.999998 
76.999998 77.999998 78.999998 77.999998 
0.000000 0.000000 0.000000 0.000000 
74.999998 73.999998 73.999998 72.999998 
72.999998 72.999998 73.999998 71.999998 
70.999998 71.999998 72.999998 71.999998 
0.000000 0.000000 0.000000 0.000000 
0.000000 0.000000 0.000000 0.000000 
0.000000 0.000000 0.000000 0.000000 
0.000000 0.000000 0.000000 0.000000 
0.000000 0.000000 0.000000 0.000000 
0.000000 0.000000 0.000000 0.000000 
0.000000 0.000000 0.000000 0.000000 
0.000000 0.000000 0.000000 0.000000 
0.000000 0.000000 0.000000 0.000000 
0.000000 0.000000 0.000000 0.000000 
0.000000 0.000000 0.000000 0.000000 
90.999999 89.999999 89.999999 88.999999 
88.999999 88.999999 89.999999 87.999999 
87.999999 87.999999 88.999999 86.999999 
86.999999 86.999999 87.999999 85.999999 
85.999999 85.999999 86.999999 84.999999 
83.999999 84.999999 85.999999 84.999999 
0.000000 0.000000 0.000000 0.000000 
0.000000 0.000000 0.000000 0.000000 
80.999998 61.357473 61.356888 67.168798 
0.000000 0.000000 0.000000 0.000000 
0.000000 0.000000 0.000000 0.000000 
0.000000 0.000000 0.000000 0.000000 
0.000000 0.000000 0.000000 0.000000 
0.000000 0.000000 0.000000 0.000000 
0.000000 0.000000 0.000000 0.000000 
0.000000 0.000000 0.000000 0.000000 
0.000000 0.000000 0.000000 0.000000 
0.000000 0.000000 0.000000 0.000000 
0.000000 0.000000 0.000000 0.000000 
0.000000 0.000000 0.000000 0.000000 
0.000000 0.000000 0.000000 0.000000 
0.000000 0.000000 0.000000 0.000000 
0.000000 0.000000 0.000000 0.000000 
0.000000 0.000000 0.000000 0.000000 
