0.000000 0.000000 0.000000 0.000000 
0.000000 0.000000 0.000000 0.000000 
48.999996 48.999996 48.999996 49.999996 
49.999996 49.999996 48.999996 50.999996 
50.999996 50.999996 49.999996 51.999996 
51.999996 51.999996 50.999996 52.999996 
52.999996 52.999996 51.999996 53.999996 
53.999996 53.999996 52.999996 54.999996 
54.999996 54.999996 53.999996 55.999997 
55.999997 55.999997 54.999996 56.999997 
56.999997 56.999997 55.999997 57.999997 
57.999997 57.999997 56.999997 58.999997 
58.999997 58.999997 57.999997 59.999997 
59.999997 59.999997 58.999997 60.999997 
60.999997 60.999997 59.999997 61.999997 
61.999997 62.999997 60.999997 61.999997 
0.000000 0.000000 0.000000 0.000000 
0.000000 0.000000 0.000000 0.000000 
0.000000 0.000000 0.000000 0.000000 
0.000000 0.000000 0.000000 0.000000 
0.000000 0.000000 0.000000 0.000000 
0.000000 0.000000 0.000000 0.000000 
0.000000 0.000000 0.000000 0.000000 
0.000000 0.000000 0.000000 0.000000 
0.000000 0.000000 0.000000 0.000000 
0.000000 0.000000 0.000000 0.000000 
0.000000 0.000000 0.000000 0.000000 
0.000000 0.000000 0.000000 0.000000 
0.000000 0.000000 0.000000 0.000000 
0.000000 0.000000 0.000000 0.000000 
0.000000 0.000000 0.000000 0.000000 
0.000000 0.000000 0.000000 0.000000 
0.000000 0.000000 0.000000 0.000000 
0.000000 0.000000 0.000000 0.000000 
0.000000 0.000000 0.000000 0.000000 
61.999997 62.999997 62.999997 63.999997 
63.999997 63.999997 62.999997 64.999997 
64.999997 64.999997 63.999997 65.999997 
65.999997 65.999997 64.999997 66.999997 
66.999997 67.999997 65.999997 66.999997 
0.000000 0.000000 0.000000 0.000000 
0.000000 0.000000 0.000000 0.000000 
0.000000 0.000000 0.000000 0.000000 
0.000000 0.000000 0.000000 0.000000 
0.000000 0.000000 0.000000 0.000000 
0.000000 0.000000 0.000000 0.000000 
0.000000 0.000000 0.000000 0.000000 
55.999997 54.999996 55.999997 56.999997 
56.999997 56.999997 55.999997 57.999997 
57.999997 58.999997 56.999997 57.999997 
0.000000 0.000000 0.000000 0.000000 
0.000000 0.000000 0.000000 0.000000 
0.000000 0.000000 0.000000 0.000000 
0.000000 0.000000 0.000000 0.000000 
0.000000 0.000000 0.000000 0.000000 
0.000000 0.000000 0.000000 0.000000 
0.000000 0.000000 0.000000 0.000000 
0.000000 0.000000 0.000000 0.000000 
0.000000 0.000000 0.000000 0.000000 
66.999997 68.999997 67.999997 67.999997 
0.000000 0.000000 0.000000 0.000000 
0.000000 0.000000 0.000000 0.000000 
0.000000 0.000000 0.000000 0.000000 
0.000000 0.000000 0.000000 0.000000 
0.000000 0.000000 0.000000 0.000000 
52.999996 52.999996 52.999996 53.999996 
53.999996 53.999996 52.999996 54.999996 
55.999997 54.999996 53.999996 54.999996 
0.000000 0.000000 0.000000 0.000000 
57.999997 59.999997 58.999997 58.999997 
0.000000 0.000000 0.000000 0.000000 
0.000000 0.000000 0.000000 0.000000 
0.000000 0.000000 0.000000 0.000000 
0.000000 0.000000 0.000000 0.000000 
0.000000 0.000000 0.000000 0.000000 
0.000000 0.000000 0.000000 0.000000 
0.000000 0.000000 0.000000 0.000000 
0.000000 0.000000 0.000000 0.000000 
0.000000 0.000000 0.000000 0.000000 
67.999997 69.999997 68.999997 68.999997 
0.000000 0.000000 0.000000 0.000000 
0.000000 0.000000 0.000000 0.000000 
99.000000 99.000000 100.000000 98.000000 
98.000000 98.000000 99.000000 97.000000 
97.000000 96.000000 98.000000 97.000000 
0.000000 0.000000 0.000000 0.000000 
0.000000 0.000000 0.000000 0.000000 
0.000000 0.000000 0.000000 0.000000 
0.000000 0.000000 0.000000 0.000000 
58.999997 59.999997 59.999997 60.999997 
60.999997 60.999997 59.999997 61.999997 
61.999997 61.999997 60.999997 62.999997 
62.999997 61.999997 61.999997 63.999997 
63.999997 63.999997 62.999997 64.999997 
64.999997 64.999997 63.999997 65.999997 
65.999997 65.999997 64.999997 66.999997 
66.999997 66.999997 65.999997 67.999997 
67.999997 67.999997 66.999997 68.999997 
68.999997 68.999997 67.999997 69.999997 
68.999997 70.999998 68.999997 69.999997 
0.000000 0.000000 0.000000 0.000000 
0.000000 0.000000 0.000000 0.000000 
0.000000 0.000000 0.000000 0.000000 
0.000000 0.000000 0.000000 0.000000 
97.000000 95.000000 96.000000 96.000000 
0.000000 0.000000 0.000000 0.000000 
0.000000 0.000000 0.000000 0.000000 
0.000000 0.000000 0.000000 0.000000 
0.000000 0.000000 0.000000 0.000000 
0.000000 0.000000 0.000000 0.000000 
0.000000 0.000000 0.000000 0.000000 
0.000000 0.000000 0.000000 0.000000 
62.999997 60.999997 61.999997 61.999997 
0.000000 0.000000 0.000000 0.000000 
0.000000 0.000000 0.000000 0.000000 
0.000000 0.000000 0.000000 0.000000 
0.000000 0.000000 0.000000 0.000000 
0.000000 0.000000 0.000000 0.000000 
0.000000 0.000000 0.000000 0.000000 
69.999997 71.999998 70.999998 70.999998 
0.000000 0.000000 0.000000 0.000000 
0.000000 0.000000 0.000000 0.000000 
0.000000 0.000000 0.000000 0.000000 
0.000000 0.000000 0.000000 0.000000 
96.000000 93.999999 95.000000 93.999999 
93.999999 92.999999 95.000000 92.999999 
92.999999 91.999999 93.999999 92.999999 
0.000000 0.000000 0.000000 0.000000 
56.999997 56.999997 56.999997 57.999997 
57.999997 57.999997 56.999997 58.999997 
58.999997 58.999997 57.999997 59.999997 
59.999997 59.999997 58.999997 60.999997 
61.999997 60.999997 59.999997 60.999997 
0.000000 0.000000 0.000000 0.000000 
0.000000 0.000000 0.000000 0.000000 
0.000000 0.000000 0.000000 0.000000 
0.000000 0.000000 0.000000 0.000000 
0.000000 0.000000 0.000000 0.000000 
0.000000 0.000000 0.000000 0.000000 
70.999998 72.999998 71.999998 71.999998 
0.000000 0.000000 0.000000 0.000000 
0.000000 0.000000 0.000000 0.000000 
0.000000 0.000000 0.000000 0.000000 
0.000000 0.000000 0.000000 0.000000 
95.000000 93.999999 93.999999 92.999999 
93.999999 92.999999 93.999999 91.999999 
92.999999 91.999999 92.999999 90.999999 
90.999999 89.999999 91.999999 90.999999 
0.000000 0.000000 0.000000 0.000000 
0.000000 0.000000 0.000000 0.000000 
0.000000 0.000000 0.000000 0.000000 
0.000000 0.000000 0.000000 0.000000 
0.000000 0.000000 0.000000 0.000000 
0.000000 0.000000 0.000000 0.000000 
0.000000 0.000000 0.000000 0.000000 
0.000000 0.000000 0.000000 0.000000 
0.000000 0.000000 0.000000 0.000000 
0.000000 0.000000 0.000000 0.000000 
73.999998 74.999998 73.999998 72.999998 
71.999998 72.999998 73.999998 72.999998 
0.000000 0.000000 0.000000 0.000000 
0.000000 0.000000 0.000000 0.000000 
0.000000 0.000000 0.000000 0.000000 
0.000000 0.000000 0.000000 0.000000 
0.000000 0.000000 0.000000 0.000000 
0.000000 0.000000 0.000000 0.000000 
0.000000 0.000000 0.000000 0.000000 
90.999999 89.999999 89.999999 88.999999 
88.999999 87.999999 89.999999 88.999999 
0.000000 0.000000 0.000000 0.000000 
0.000000 0.000000 0.000000 0.000000 
0.000000 0.000000 0.000000 0.000000 
0.000000 0.000000 0.000000 0.000000 
0.000000 0.000000 0.000000 0.000000 
80.999998 81.999998 80.999998 79.999998 
79.999998 79.999998 80.999998 78.999998 
78.999998 77.999998 79.999998 78.999998 
0.000000 0.000000 0.000000 0.000000 
73.999998 75.999998 74.999998 74.999998 
0.000000 0.000000 0.000000 0.000000 
0.000000 0.000000 0.000000 0.000000 
0.000000 0.000000 0.000000 0.000000 
0.000000 0.000000 0.000000 0.000000 
0.000000 0.000000 0.000000 0.000000 
0.000000 0.000000 0.000000 0.000000 
0.000000 0.000000 0.000000 0.000000 
0.000000 0.000000 0.000000 0.000000 
0.000000 0.000000 0.000000 0.000000 
88.999999 87.999999 87.999999 86.999999 
86.999999 86.999999 87.999999 85.999999 
85.999999 85.999999 86.999999 84.999999 
84.999999 83.999999 85.999999 83.999999 
83.999999 83.999999 84.999999 82.999998 
82.999998 82.999998 83.999999 81.999998 
80.999998 81.999998 82.999998 81.999998 
0.000000 0.000000 0.000000 0.000000 
78.999998 77.999998 77.999998 76.999998 
76.999998 76.999998 77.999998 75.999998 
74.999998 75.999998 76.999998 75.999998 
0.000000 0.000000 0.000000 0.000000 
0.000000 0.000000 0.000000 0.000000 
0.000000 0.000000 0.000000 0.000000 
0.000000 0.000000 0.000000 0.000000 
0.000000 0.000000 0.000000 0.000000 
0.000000 0.000000 0.000000 0.000000 
0.000000 0.000000 0.000000 0.000000 
0.000000 0.000000 0.000000 0.000000 
0.000000 0.000000 0.000000 0.000000 
0.000000 0.000000 0.000000 0.000000 
0.000000 0.000000 0.000000 0.000000 
0.000000 0.000000 0.000000 0.000000 
84.999999 83.999999 83.999999 83.999999 
0.000000 0.000000 0.000000 0.000000 
0.000000 0.000000 0.000000 0.000000 
0.000000 0.000000 0.000000 0.000000 
0.000000 0.000000 0.000000 0.000000 
0.000000 0.000000 0.000000 0.000000 
0.000000 0.000000 0.000000 0.000000 
0.000000 0.000000 0.000000 0.000000 
0.000000 0.000000 0.000000 0.000000 
