0.000000 0.000000 0.000000 0.000000 
0.000000 0.000000 0.000000 0.000000 
-8.747092 -8.745185 -8.745180 -7.747406 
-7.797257 -7.792407 -8.747103 -6.899719 
-6.792649 -6.892251 -7.899220 -5.899987 
-5.899999 -5.899619 -6.899950 -7.840983 
-7.840983 -7.840983 -6.899619 -8.891518 
-8.891511 -8.899186 -7.899619 -9.844687 
-8.897092 -8.896554 -8.899619 -10.896554 
-10.896554 -10.896554 -9.896554 -10.743746 
-9.743746 -10.691234 -10.896553 -10.739489 
-9.899725 -9.899444 -10.698374 -10.580984 
-11.701319 -11.625086 -10.898013 -11.907658 
-12.850501 -12.527714 -11.896178 -13.863143 
-13.542807 -13.810790 -12.894439 -13.713687 
-13.907954 -14.890052 -13.890154 -13.900395 
0.000000 0.000000 0.000000 0.000000 
0.000000 0.000000 0.000000 0.000000 
0.000000 0.000000 0.000000 0.000000 
0.000000 0.000000 0.000000 0.000000 
0.000000 0.000000 0.000000 0.000000 
0.000000 0.000000 0.000000 0.000000 
0.000000 0.000000 0.000000 0.000000 
0.000000 0.000000 0.000000 0.000000 
0.000000 0.000000 0.000000 0.000000 
0.000000 0.000000 0.000000 0.000000 
0.000000 0.000000 0.000000 0.000000 
0.000000 0.000000 0.000000 0.000000 
0.000000 0.000000 0.000000 0.000000 
0.000000 0.000000 0.000000 0.000000 
0.000000 0.000000 0.000000 0.000000 
0.000000 0.000000 0.000000 0.000000 
0.000000 0.000000 0.000000 0.000000 
0.000000 0.000000 0.000000 0.000000 
0.000000 0.000000 0.000000 0.000000 
-14.883594 -14.907163 -14.907558 -16.588422 
-16.624461 -16.631028 -15.877257 -17.743466 
-17.744064 -17.762821 -16.871234 -18.689126 
-18.745550 -18.762286 -17.865499 -19.762286 
-18.780220 -19.821256 -18.860067 -19.762149 
0.000000 0.000000 0.000000 0.000000 
0.000000 0.000000 0.000000 0.000000 
0.000000 0.000000 0.000000 0.000000 
0.000000 0.000000 0.000000 0.000000 
0.000000 0.000000 0.000000 0.000000 
0.000000 0.000000 0.000000 0.000000 
0.000000 0.000000 0.000000 0.000000 
0.000000 0.000000 0.000000 0.000000 
0.000000 0.000000 0.000000 0.000000 
0.000000 0.000000 0.000000 0.000000 
0.000000 0.000000 0.000000 0.000000 
0.000000 0.000000 0.000000 0.000000 
0.000000 0.000000 0.000000 0.000000 
0.000000 0.000000 0.000000 0.000000 
0.000000 0.000000 0.000000 0.000000 
0.000000 0.000000 0.000000 0.000000 
0.000000 0.000000 0.000000 0.000000 
0.000000 0.000000 0.000000 0.000000 
0.000000 0.000000 0.000000 0.000000 
-19.776703 -20.825110 -19.773271 -19.783271 
0.000000 0.000000 0.000000 0.000000 
0.000000 0.000000 0.000000 0.000000 
0.000000 0.000000 0.000000 0.000000 
0.000000 0.000000 0.000000 0.000000 
0.000000 0.000000 0.000000 0.000000 
0.000000 0.000000 0.000000 0.000000 
0.000000 0.000000 0.000000 0.000000 
0.000000 0.000000 0.000000 0.000000 
0.000000 0.000000 0.000000 0.000000 
0.000000 0.000000 0.000000 0.000000 
0.000000 0.000000 0.000000 0.000000 
0.000000 0.000000 0.000000 0.000000 
0.000000 0.000000 0.000000 0.000000 
0.000000 0.000000 0.000000 0.000000 
0.000000 0.000000 0.000000 0.000000 
0.000000 0.000000 0.000000 0.000000 
0.000000 0.000000 0.000000 0.000000 
0.000000 0.000000 0.000000 0.000000 
0.000000 0.000000 0.000000 0.000000 
-20.773271 65.999997 -20.751343 -20.769436 
0.000000 0.000000 0.000000 0.000000 
0.000000 0.000000 0.000000 0.000000 
13.564732 0.000000 100.000000 98.000000 
98.000000 98.000000 99.000000 97.000000 
97.000000 96.000000 98.000000 97.000000 
0.000000 0.000000 0.000000 0.000000 
0.000000 0.000000 0.000000 0.000000 
0.000000 0.000000 0.000000 0.000000 
0.000000 0.000000 0.000000 0.000000 
-13.656627 -13.657941 -13.657304 -15.609064 
-14.626403 -15.558276 -14.655674 -15.811721 
-15.774577 -15.807119 -15.626403 -15.595408 
-15.765224 -15.313866 -16.447373 -16.561153 
-17.219989 -17.107786 -16.219989 -17.621389 
-16.642613 -17.642326 -17.107650 -16.652849 
-17.764461 -17.766585 -17.632633 -18.647650 
-19.283289 -18.597508 -18.613405 -19.425531 
-20.168714 -19.571687 -19.571850 -19.470771 
-20.571403 55.511331 -20.454970 65.999997 
64.999997 66.999997 64.999997 65.999997 
0.000000 0.000000 0.000000 0.000000 
0.000000 0.000000 0.000000 0.000000 
0.000000 0.000000 0.000000 0.000000 
0.000000 0.000000 0.000000 0.000000 
97.000000 95.000000 96.000000 96.000000 
0.000000 0.000000 0.000000 0.000000 
0.000000 0.000000 0.000000 0.000000 
0.000000 0.000000 0.000000 0.000000 
0.000000 0.000000 0.000000 0.000000 
0.000000 0.000000 0.000000 0.000000 
0.000000 0.000000 0.000000 0.000000 
0.000000 0.000000 0.000000 0.000000 
-14.531487 -14.563506 -14.814922 -14.426887 
0.000000 0.000000 0.000000 0.000000 
0.000000 0.000000 0.000000 0.000000 
0.000000 0.000000 0.000000 0.000000 
0.000000 0.000000 0.000000 0.000000 
0.000000 0.000000 0.000000 0.000000 
0.000000 0.000000 0.000000 0.000000 
65.999997 67.999997 66.999997 66.999997 
0.000000 0.000000 0.000000 0.000000 
0.000000 0.000000 0.000000 0.000000 
0.000000 0.000000 0.000000 0.000000 
0.000000 0.000000 0.000000 0.000000 
96.000000 93.999999 95.000000 93.999999 
66.954440 65.917236 95.000000 65.954828 
65.954931 64.954882 66.954933 65.953807 
0.000000 0.000000 0.000000 0.000000 
-13.727092 -13.729611 -13.726981 -14.810023 
-14.872725 -14.884413 -14.720957 -13.884413 
-13.884493 -13.884492 -14.884113 -15.732114 
-15.732463 -15.731543 -14.884492 -14.732463 
-14.602360 -13.734979 -15.732458 -13.732463 
0.000000 0.000000 0.000000 0.000000 
0.000000 0.000000 0.000000 0.000000 
0.000000 0.000000 0.000000 0.000000 
0.000000 0.000000 0.000000 0.000000 
0.000000 0.000000 0.000000 0.000000 
0.000000 0.000000 0.000000 0.000000 
66.999997 68.999997 67.999997 67.999997 
0.000000 0.000000 0.000000 0.000000 
0.000000 0.000000 0.000000 0.000000 
0.000000 0.000000 0.000000 0.000000 
92.999999 91.999999 92.999999 93.999999 
95.000000 93.999999 92.999999 92.999999 
93.999999 65.953943 66.945102 64.951367 
65.954931 64.954929 65.943630 63.954411 
63.954411 63.954427 64.954428 63.954201 
0.000000 0.000000 0.000000 0.000000 
0.000000 0.000000 0.000000 0.000000 
0.000000 0.000000 0.000000 0.000000 
0.000000 0.000000 0.000000 0.000000 
0.000000 0.000000 0.000000 0.000000 
0.000000 0.000000 0.000000 0.000000 
0.000000 0.000000 0.000000 0.000000 
0.000000 0.000000 0.000000 0.000000 
0.000000 0.000000 0.000000 0.000000 
0.000000 0.000000 0.000000 0.000000 
69.999997 70.999998 69.999997 68.999997 
67.999997 68.999997 69.999997 68.999997 
0.000000 0.000000 0.000000 0.000000 
0.000000 0.000000 0.000000 0.000000 
0.000000 0.000000 0.000000 0.000000 
92.999999 90.999999 91.999999 91.999999 
0.000000 0.000000 0.000000 0.000000 
0.000000 0.000000 0.000000 0.000000 
0.000000 0.000000 0.000000 0.000000 
0.000000 0.000000 0.000000 0.000000 
75.578117 83.999999 75.574450 68.839500 
0.000000 0.000000 0.000000 0.000000 
0.000000 0.000000 0.000000 0.000000 
0.000000 0.000000 0.000000 0.000000 
0.000000 0.000000 0.000000 0.000000 
0.000000 0.000000 0.000000 0.000000 
76.999998 77.999998 76.999998 75.999998 
75.999998 75.999998 76.999998 74.999998 
74.999998 73.999998 75.999998 74.999998 
0.000000 0.000000 0.000000 0.000000 
69.999997 71.999998 70.999998 70.999998 
0.000000 0.000000 0.000000 0.000000 
0.000000 0.000000 0.000000 0.000000 
0.000000 0.000000 0.000000 0.000000 
0.000000 0.000000 0.000000 0.000000 
91.999999 89.999999 90.999999 90.999999 
0.000000 0.000000 0.000000 0.000000 
0.000000 0.000000 0.000000 0.000000 
0.000000 0.000000 0.000000 0.000000 
0.000000 0.000000 0.000000 0.000000 
82.999998 84.999999 83.999999 82.999998 
82.999998 82.999998 83.999999 81.999998 
81.999998 81.999998 82.999998 80.999998 
80.999998 79.999998 81.999998 79.999998 
79.999998 79.999998 80.999998 78.999998 
78.999998 78.999998 79.999998 77.999998 
76.999998 77.999998 78.999998 77.999998 
0.000000 0.000000 0.000000 0.000000 
74.999998 73.999998 73.999998 72.999998 
72.999998 72.999998 73.999998 71.999998 
70.999998 71.999998 72.999998 71.999998 
0.000000 0.000000 0.000000 0.000000 
0.000000 0.000000 0.000000 0.000000 
0.000000 0.000000 0.000000 0.000000 
0.000000 0.000000 0.000000 0.000000 
90.999999 89.999999 89.999999 88.999999 
88.999999 88.999999 89.999999 87.999999 
87.999999 87.999999 88.999999 86.999999 
86.999999 86.999999 87.999999 85.999999 
85.999999 85.999999 86.999999 84.999999 
83.999999 84.999999 85.999999 84.999999 
0.000000 0.000000 0.000000 0.000000 
0.000000 0.000000 0.000000 0.000000 
80.999998 -8.755088 -8.747026 -8.754810 
0.000000 0.000000 0.000000 0.000000 
0.000000 0.000000 0.000000 0.000000 
0.000000 0.000000 0.000000 0.000000 
0.000000 0.000000 0.000000 0.000000 
0.000000 0.000000 0.000000 0.000000 
0.000000 0.000000 0.000000 0.000000 
0.000000 0.000000 0.000000 0.000000 
0.000000 0.000000 0.000000 0.000000 
