2.000000 0.000000 0.000000 
18.706367 18.779743 0.000000 
17.498852 0.000000 20.498852 
16.040672 0.000000 0.000000 
16.599195 17.562248 0.000000 
16.392065 17.389786 0.000000 
17.469881 18.469881 20.469881 
4.400001 5.400001 0.000000 
16.666258 0.000000 19.383442 
6.320001 7.320001 9.320002 
13.821536 0.000000 16.821535 
16.229164 0.000000 19.438721 
17.589277 0.000000 0.000000 
17.560953 18.063211 0.000000 
15.837268 0.000000 19.615562 
17.869757 0.000000 0.000000 
16.734686 17.733421 0.000000 
17.199200 18.199200 0.000000 
16.320004 17.320004 19.320004 
15.999081 16.999081 0.000000 
15.635702 16.635702 0.000000 
0.000000 17.576303 0.000000 
0.000000 18.748146 20.693047 
0.000000 19.346666 0.000000 
17.603750 18.603750 20.603750 
0.000000 18.285322 20.310667 
0.000000 15.266648 17.266088 
0.000000 11.395440 13.419420 
17.433086 19.003096 0.000000 
0.000000 3.000000 0.000000 
0.000000 20.157040 22.157040 
0.000000 19.373566 0.000000 
13.524752 0.000000 16.524752 
6.320001 7.320001 9.320002 
17.478662 0.000000 20.479410 
18.435520 0.000000 21.435518 
18.125214 19.138985 21.123636 
0.000000 16.885315 18.885315 
0.000000 9.251151 11.251151 
0.000000 3.000000 5.000000 
16.329901 0.000000 19.329901 
0.000000 17.311850 19.304892 
0.000000 0.000000 18.875771 
0.000000 0.000000 15.713181 
19.725630 0.000000 22.725630 
0.000000 17.295729 19.290937 
0.000000 0.000000 20.108253 
0.000000 0.000000 20.457172 
16.953957 0.000000 0.000000 
16.883333 18.171867 0.000000 
17.139254 0.000000 20.139254 
15.140623 0.000000 0.000000 
15.293119 16.143082 0.000000 
0.000000 18.692448 0.000000 
0.000000 16.457230 18.457226 
0.000000 19.120995 0.000000 
15.563165 0.000000 18.563164 
0.000000 17.641651 19.723083 
0.000000 0.000000 20.647486 
0.000000 0.000000 20.432848 
16.850529 0.000000 0.000000 
0.000000 19.062279 0.000000 
0.000000 0.000000 17.972502 
0.000000 0.000000 0.000000 
