36.375542 0.000000 0.000000 
46950.585938 46974.203125 0.000000 
115.469391 0.000000 117.642059 
100758.742188 0.000000 0.000000 
68.827347 69.827347 0.000000 
83.065376 83.493240 0.000000 
177486.000000 177426.015625 177560.421875 
29.000000 30.000000 0.000000 
8.000000 0.000000 11.000000 
4.000000 5.000000 7.000000 
16535.896484 0.000000 16558.074219 
38.888371 0.000000 42.091972 
16567.775391 0.000000 0.000000 
107.033302 108.033302 0.000000 
76.033295 0.000000 79.033295 
16558.593750 0.000000 0.000000 
35.000000 36.000000 0.000000 
7200.964844 7211.688477 0.000000 
103.633347 104.633347 106.633347 
2.000000 3.000000 0.000000 
53.000000 54.000000 0.000000 
0.000000 61.033298 0.000000 
0.000000 29.635265 32.112640 
0.000000 46737.273438 0.000000 
48.000000 49.000000 51.000000 
0.000000 37.000000 39.000000 
0.000000 90.033295 92.033295 
0.000000 177405.890625 177559.000000 
46727.679688 46726.882812 0.000000 
0.000000 108.752251 0.000000 
0.000000 21.718178 24.119503 
0.000000 16557.789062 0.000000 
8.000000 0.000000 11.000000 
84.033295 85.033295 87.033295 
22.000000 0.000000 25.000000 
130901.343750 0.000000 130911.312500 
42.375546 43.375546 45.375546 
0.000000 177507.531250 177559.015625 
0.000000 98148.625000 98152.351562 
0.000000 5563.954590 5593.184570 
17.000000 0.000000 20.000000 
0.000000 46974.636719 46983.160156 
0.000000 0.000000 8212.870117 
0.000000 0.000000 43.000000 
32.000000 0.000000 35.000000 
0.000000 130828.546875 130911.093750 
0.000000 0.000000 16568.349609 
0.000000 0.000000 16563.500000 
177561.078125 0.000000 0.000000 
103.464493 104.464493 0.000000 
100733.921875 0.000000 100736.921875 
16565.285156 0.000000 0.000000 
16453.001953 16552.611328 0.000000 
0.000000 16552.814453 0.000000 
0.000000 81.004158 82.440308 
0.000000 16552.402344 0.000000 
11.039150 0.000000 14.119925 
0.000000 14.000000 16.000000 
0.000000 0.000000 16559.517578 
0.000000 0.000000 16565.888672 
16545.914062 0.000000 0.000000 
0.000000 16565.960938 0.000000 
0.000000 0.000000 16560.982422 
0.000000 0.000000 0.000000 
